# 3ds Max Wavefront OBJ Exporter v0.97b - (c)2007 guruware
# File Created: 22.06.2016 05:40:08

mtllib building_001.mtl

#
# object City_building_001
#

v  -6.0864 1.8370 -19.3247
v  -5.4264 1.8370 -20.2808
v  -2.8984 4.5580 -23.9432
v  -6.4627 2.4130 -18.7795
v  -4.6355 4.6326 -25.0159
v  -8.2654 2.4595 -19.7570
v  -6.5874 2.4595 -18.5987
v  -2.9575 4.6326 -23.8576
v  -2.8985 0.0000 -23.9432
v  0.6658 0.0000 -29.1070
v  0.6658 2.0358 -29.1070
v  -5.3168 1.6644 -20.4396
v  -5.3168 0.0000 -20.4396
v  -6.8759 1.6644 -19.0647
v  -6.8759 0.0000 -19.0647
v  -6.4627 0.0000 -18.7795
v  -9.6045 1.6644 -20.9481
v  -9.8094 2.3972 -21.0896
v  -9.8094 0.0000 -21.0896
v  -9.6045 0.0000 -20.9481
v  -6.1961 0.0000 -19.1659
v  -6.1961 1.6644 -19.1659
v  -8.1407 1.8370 -19.9377
v  -8.0311 1.8370 -20.0965
v  -6.9251 1.8370 -19.3330
v  -7.0347 1.8370 -19.1743
v  -9.4949 0.0000 -21.1069
v  -9.4949 1.6644 -21.1069
v  -6.7663 1.6644 -19.2234
v  -6.7663 0.0000 -19.2234
v  -6.2681 1.8370 -19.4500
v  -5.6081 1.8370 -20.4062
v  -6.3777 0.0000 -19.2912
v  -6.3777 1.6644 -19.2912
v  -5.4986 1.6644 -20.5651
v  -5.4986 0.0000 -20.5651
v  -5.4131 3.1504 -20.6887
v  -6.9175 3.1517 -21.7272
v  -6.9176 0.0000 -21.7272
v  -5.4132 0.0000 -20.6888
v  -6.5349 2.4453 -19.0635
v  -6.5348 0.0000 -19.0636
v  -1.0121 2.0358 -30.2652
v  -0.8865 1.9765 -30.4472
v  0.9838 1.9765 -29.1563
v  -8.0393 2.4454 -20.1020
v  -0.8865 2.0609 -30.4472
v  0.7915 2.0609 -29.2890
v  -2.8991 4.7078 -23.9422
v  -4.5771 4.7078 -25.1004
v  -4.6355 4.6777 -25.0159
v  -2.9575 4.6777 -23.8576
v  -2.8407 4.6777 -24.0267
v  -4.5187 4.6777 -25.1850
v  -6.3952 2.3750 -18.4661
v  -6.2705 2.4130 -18.6468
v  -2.7062 4.5580 -23.8105
v  0.9838 2.1061 -29.1563
v  0.7915 2.1061 -29.2890
v  -2.6485 4.6777 -23.8941
v  -2.7069 4.7078 -23.8095
v  -2.7652 4.6777 -23.7249
v  -6.5874 2.5046 -18.5987
v  -6.3952 2.5046 -18.4661
v  -2.8407 4.6326 -24.0267
v  -4.5187 4.6326 -25.1850
v  -5.3697 1.8000 -20.3630
v  -5.3403 1.7537 -20.4056
v  -6.9525 1.8000 -19.1176
v  -6.9099 1.7537 -19.0882
v  -9.5705 1.7537 -20.9246
v  -9.5278 1.8000 -20.8952
v  -6.1726 1.7537 -19.1999
v  -6.1431 1.8000 -19.2425
v  -6.8429 1.8000 -19.2763
v  -6.8003 1.7537 -19.2469
v  -9.6999 2.4226 -21.2483
v  -9.6999 2.4214 -21.2483
v  -9.4183 1.8000 -21.0539
v  -9.4609 1.7537 -21.0834
v  -5.5514 1.8000 -20.4884
v  -5.5220 1.7537 -20.5310
v  -6.3542 1.7537 -19.3253
v  -6.3248 1.8000 -19.3679
v  -9.3361 1.8370 -20.9972
v  -9.6999 2.4321 -21.2483
v  -9.4457 1.8370 -20.8385
v  -6.3043 4.6326 -26.1677
v  -9.9342 2.4595 -20.9089
v  -8.1407 2.4130 -19.9377
v  -1.0121 0.0000 -30.2652
v  -2.6809 2.0358 -31.4170
v  -2.5553 1.9765 -31.5991
v  -8.2654 2.3750 -19.7570
v  -2.5553 2.0609 -31.5991
v  -6.2459 4.7078 -26.2523
v  -6.3043 4.6777 -26.1677
v  -6.1875 4.6777 -26.3369
v  -6.1875 4.6326 -26.3369
v  -8.5782 3.1529 -22.8734
v  -8.5782 0.0000 -22.8734
v  -9.6999 2.4455 -21.2483
v  -8.1220 1.4778 -22.5294
v  -8.1220 0.0336 -22.5294
v  -7.5169 0.0336 -22.1118
v  -7.5169 1.4775 -22.1117
v  -9.9342 2.3750 -20.9089
v  -9.8098 2.2998 -21.0891
v  -8.1410 2.2998 -19.9372
v  -6.2708 2.2998 -18.6463
v  -6.7738 2.2568 -18.7702
v  -6.7240 2.2568 -18.7359
v  -6.7240 2.3630 -18.7359
v  -6.7738 2.3630 -18.7702
v  -6.6209 2.3003 -18.8854
v  -6.6706 2.3003 -18.9197
v  -6.6209 2.2915 -18.8854
v  -6.6706 2.2915 -18.9197
v  -6.6750 2.2480 -18.8070
v  -6.7247 2.2480 -18.8413
v  -6.6750 0.0000 -18.8070
v  -6.6209 0.0000 -18.8854
v  -6.7247 0.0000 -18.8413
v  -6.6706 0.0000 -18.9197
v  -2.8087 4.3459 -23.6907
v  -2.8087 3.9597 -23.6907
v  -2.6357 3.9597 -23.9414
v  -2.6357 4.3459 -23.9414
v  -2.8551 4.5051 -23.9976
v  -2.9391 4.5051 -23.8760
v  -2.8771 4.5051 -23.8332
v  -2.7932 4.5051 -23.9548
v  -2.9837 4.3459 -23.8114
v  -2.9837 3.9597 -23.8114
v  -2.8106 3.9597 -24.0622
v  -2.8106 4.3459 -24.0622
v  -2.8771 4.3459 -23.8332
v  -2.9391 4.3459 -23.8760
v  -2.7932 4.3459 -23.9548
v  -2.8551 4.3459 -23.9976
v  -1.8738 1.0750 -31.0665
v  -1.8738 0.7145 -31.0665
v  -1.9908 0.7145 -31.1473
v  -1.9908 1.0750 -31.1473
v  -2.0908 1.0750 -31.0025
v  -1.9738 1.0750 -30.9217
v  -1.9738 0.7145 -30.9217
v  -2.0908 0.7145 -31.0025
v  -7.4998 1.5194 -22.0550
v  -8.1749 1.5197 -22.5210
v  -8.1399 1.4778 -22.4968
v  -7.5348 1.4775 -22.0791
v  -8.1749 0.0000 -22.5210
v  -8.1399 0.0336 -22.4968
v  -7.4998 0.0000 -22.0550
v  -7.5348 0.0336 -22.0791
v  -7.7363 0.5003 -18.7628
v  -8.5217 0.5003 -19.3049
v  -8.5481 0.5003 -19.1817
v  -7.7429 0.5003 -18.6259
v  -7.4626 1.5194 -22.1089
v  -8.1377 1.5197 -22.5749
v  -8.1377 0.0000 -22.5749
v  -7.4626 0.0000 -22.1089
v  -8.5217 0.0000 -19.3049
v  -7.7363 0.0000 -18.7628
v  -7.7429 0.0000 -18.6259
v  -8.5481 0.0000 -19.1817
v  -4.6016 0.0000 -19.9445
v  -4.6016 0.5003 -19.9445
v  -4.5023 0.5003 -19.8760
v  -4.5023 0.0000 -19.8760
v  -5.1229 0.5003 -19.1892
v  -5.1229 0.0000 -19.1892
v  -5.6443 0.0000 -18.4339
v  -5.6443 0.5003 -18.4339
v  -5.0457 0.5003 -19.0888
v  -5.5891 0.5003 -18.3015
v  -5.0457 0.0000 -19.0888
v  -5.5891 0.0000 -18.3015
v  -10.0925 0.0000 -20.3891
v  -10.1586 0.0000 -20.2933
v  -10.2181 0.0000 -20.2070
v  -10.0329 0.0000 -20.4754
v  -10.1586 0.5003 -20.2933
v  -10.2181 0.6342 -20.2070
v  -10.0925 0.5003 -20.3891
v  -10.0329 0.6342 -20.4754
v  -10.3539 0.6342 -20.3008
v  -10.3539 0.0000 -20.3008
v  -10.1687 0.0000 -20.5691
v  -10.1687 0.6342 -20.5691
v  -9.9711 0.6342 -20.4857
v  -10.2059 0.6342 -20.1456
v  -10.1439 0.6342 -20.6050
v  -9.9711 0.8623 -20.4857
v  -10.2059 0.8623 -20.1456
v  -10.1439 0.8623 -20.6050
v  -10.0481 0.8623 -20.4768
v  -10.2248 0.8623 -20.2207
v  -10.1729 0.8623 -20.5630
v  -10.2687 0.9213 -20.4242
v  -10.2539 0.9213 -20.4457
v  -6.1118 3.9227 -23.2456
v  -5.7970 3.9227 -23.0283
v  -5.2592 4.2447 -23.8073
v  -5.5741 4.2447 -24.0246
v  -5.5662 4.2104 -24.0360
v  -6.1039 3.8885 -23.2570
v  -5.7891 3.8885 -23.0397
v  -5.2514 4.2104 -23.8187
v  -9.3071 0.5003 -19.8470
v  -9.3533 0.5003 -19.7375
v  -6.9377 0.5003 -18.0701
v  -6.1324 0.5003 -17.5143
v  -6.1656 0.5003 -17.6786
v  -6.9510 0.5003 -18.2207
v  -9.3071 0.0000 -19.8470
v  -6.1656 0.0000 -17.6786
v  -6.9510 0.0000 -18.2207
v  -6.1324 0.0000 -17.5143
v  -6.9377 0.0000 -18.0701
v  -9.3533 0.0000 -19.7375
v  -1.5584 1.0750 -30.8489
v  -1.5584 0.7145 -30.8489
v  -1.7754 0.7145 -30.9986
v  -1.7754 1.0750 -30.9986
v  -1.8754 1.0750 -30.8538
v  -1.6584 1.0750 -30.7040
v  -1.6584 0.7145 -30.7040
v  -1.8754 0.7145 -30.8538
v  -3.2718 3.5550 -23.4023
v  -3.3564 3.4864 -23.2798
v  -3.3344 3.4864 -23.2645
v  -3.2498 3.5550 -23.3871
v  -3.4365 3.3296 -23.1638
v  -3.4144 3.3296 -23.1485
v  -3.4715 3.1639 -23.1130
v  -3.4495 3.1639 -23.0978
v  -3.4715 2.1422 -23.1130
v  -3.4495 2.1422 -23.0978
v  -3.2067 2.1422 -23.4731
v  -3.1957 3.1639 -23.4655
v  -3.2067 3.5550 -23.4731
v  -3.1957 3.3296 -23.4655
v  -3.1957 3.4864 -23.4655
v  -3.1636 3.5550 -23.5591
v  -3.1416 3.5550 -23.5439
v  -3.0570 3.4864 -23.6664
v  -3.0790 3.4864 -23.6816
v  -2.9769 3.3296 -23.7824
v  -2.9990 3.3296 -23.7976
v  -2.9419 3.1639 -23.8332
v  -2.9639 3.1639 -23.8484
v  -2.9419 2.1422 -23.8332
v  -2.9639 2.1422 -23.8484
v  -2.6354 3.5550 -24.3243
v  -2.7200 3.4864 -24.2017
v  -2.6980 3.4864 -24.1865
v  -2.6134 3.5550 -24.3091
v  -2.8001 3.3296 -24.0857
v  -2.7780 3.3296 -24.0705
v  -2.8351 3.1639 -24.0350
v  -2.8131 3.1639 -24.0198
v  -2.8351 2.1422 -24.0350
v  -2.8131 2.1422 -24.0198
v  -2.5703 2.1422 -24.3951
v  -2.5593 3.1639 -24.3874
v  -2.5703 3.5550 -24.3951
v  -2.5593 3.3296 -24.3874
v  -2.5593 3.4864 -24.3874
v  -2.5272 3.5550 -24.4811
v  -2.5052 3.5550 -24.4658
v  -2.4206 3.4864 -24.5884
v  -2.4426 3.4864 -24.6036
v  -2.3405 3.3296 -24.7044
v  -2.3626 3.3296 -24.7196
v  -2.3055 3.1639 -24.7551
v  -2.3275 3.1639 -24.7704
v  -2.3055 2.1422 -24.7551
v  -2.3275 2.1422 -24.7704
v  -2.6809 0.0000 -31.4170
v  -9.6999 0.0000 -21.2483
v  -10.3787 0.6342 -20.2649
v  -10.3787 0.8623 -20.2649
v  -10.3497 0.8623 -20.3069
v  -12.7799 1.8370 -23.9448
v  -13.1562 2.4130 -23.3997
v  -9.5920 4.5580 -28.5635
v  -12.1199 1.8370 -24.9010
v  -7.9730 4.6326 -27.3196
v  -9.6511 4.6326 -28.4779
v  -13.2810 2.4595 -23.2190
v  -11.6030 2.4595 -22.0607
v  -6.0277 2.0358 -33.7271
v  -6.0277 0.0000 -33.7271
v  -9.5919 0.0000 -28.5634
v  -12.0103 0.0000 -25.0598
v  -12.0103 1.6644 -25.0598
v  -13.1562 0.0000 -23.3997
v  -12.7430 0.0000 -23.1145
v  -12.7430 1.6644 -23.1145
v  -10.0144 1.6644 -21.2311
v  -10.0144 0.0000 -21.2311
v  -12.8895 1.6644 -23.7860
v  -12.8895 0.0000 -23.7860
v  -11.4782 1.8370 -22.2415
v  -12.5842 1.8370 -23.0049
v  -12.4747 1.8370 -23.1636
v  -11.3687 1.8370 -22.4002
v  -9.9049 1.6644 -21.3898
v  -9.9049 0.0000 -21.3898
v  -12.6335 0.0000 -23.2732
v  -12.6335 1.6644 -23.2732
v  -11.9383 1.8370 -24.7756
v  -12.5983 1.8370 -23.8194
v  -12.7079 1.6644 -23.6606
v  -12.7079 0.0000 -23.6606
v  -11.8285 0.0000 -24.9343
v  -11.8285 1.6644 -24.9343
v  -11.7433 3.1504 -25.0581
v  -11.7431 0.0000 -25.0580
v  -10.2387 0.0000 -24.0196
v  -10.2388 3.1517 -24.0197
v  -12.8651 2.4453 -23.4329
v  -12.8650 0.0000 -23.4330
v  -6.0943 1.9765 -34.0419
v  -4.2240 1.9765 -32.7510
v  -4.3497 2.0358 -32.5689
v  -11.3606 2.4454 -22.3945
v  -5.9021 2.0609 -33.9092
v  -4.2240 2.0609 -32.7510
v  -9.5927 4.7078 -28.5624
v  -9.6511 4.6777 -28.4779
v  -7.9730 4.6777 -27.3196
v  -7.9147 4.7078 -27.4042
v  -9.5343 4.6777 -28.6470
v  -7.8563 4.6777 -27.4888
v  -13.4732 2.3750 -23.3517
v  -9.7842 4.5580 -28.6961
v  -13.3484 2.4130 -23.5324
v  -6.0943 2.1061 -34.0419
v  -5.9021 2.1061 -33.9092
v  -9.7265 4.6777 -28.7797
v  -9.7849 4.7078 -28.6951
v  -9.8433 4.6777 -28.6105
v  -13.4732 2.5046 -23.3517
v  -13.2810 2.5046 -23.2190
v  -9.5343 4.6326 -28.6470
v  -7.8563 4.6326 -27.4888
v  -12.0632 1.8000 -24.9831
v  -12.0338 1.7537 -25.0258
v  -12.6664 1.8000 -23.0616
v  -12.7090 1.7537 -23.0910
v  -10.0484 1.7537 -21.2546
v  -10.0911 1.8000 -21.2840
v  -12.8660 1.7537 -23.8200
v  -12.8366 1.8000 -23.8627
v  -12.5568 1.8000 -23.2203
v  -12.5994 1.7537 -23.2498
v  -9.9389 1.7537 -21.4133
v  -9.9815 1.8000 -21.4427
v  -11.8815 1.8000 -24.8578
v  -11.8521 1.7537 -24.9004
v  -12.6844 1.7537 -23.6947
v  -12.6550 1.8000 -23.7373
v  -10.0637 1.8370 -21.4994
v  -10.1732 1.8370 -21.3407
v  -11.4782 2.4130 -22.2415
v  -4.3497 0.0000 -32.5689
v  -11.6030 2.3750 -22.0607
v  -9.0616 1.4778 -23.1780
v  -9.6667 1.4775 -23.5956
v  -9.6667 0.0336 -23.5956
v  -9.0616 0.0336 -23.1780
v  -11.4786 2.2998 -22.2410
v  -13.3488 2.2998 -23.5319
v  -13.0546 2.2568 -23.1056
v  -13.0546 2.3630 -23.1056
v  -13.1043 2.3630 -23.1399
v  -13.1043 2.2568 -23.1399
v  -13.0011 2.3003 -23.2893
v  -12.9514 2.3003 -23.2550
v  -12.9514 2.2915 -23.2550
v  -13.0011 2.2915 -23.2893
v  -13.0552 2.2480 -23.2109
v  -13.0055 2.2480 -23.1766
v  -13.0011 0.0000 -23.2893
v  -13.0552 0.0000 -23.2109
v  -13.0055 0.0000 -23.1766
v  -12.9514 0.0000 -23.2550
v  -9.8599 4.3459 -28.5577
v  -9.6868 4.3459 -28.8085
v  -9.6868 3.9597 -28.8085
v  -9.8599 3.9597 -28.5577
v  -9.5564 4.5051 -28.6232
v  -9.6184 4.5051 -28.6660
v  -9.7024 4.5051 -28.5443
v  -9.6404 4.5051 -28.5015
v  -9.6849 4.3459 -28.4370
v  -9.6849 3.9597 -28.4370
v  -9.5119 3.9597 -28.6877
v  -9.5119 4.3459 -28.6877
v  -9.6404 4.3459 -28.5015
v  -9.7024 4.3459 -28.5443
v  -9.6184 4.3459 -28.6660
v  -9.5564 4.3459 -28.6232
v  -4.9031 1.1560 -33.1957
v  -4.5615 1.1560 -32.9599
v  -4.5615 0.6320 -32.9599
v  -4.9031 0.6320 -33.1957
v  -4.7117 1.1560 -32.7423
v  -5.0533 1.1560 -32.9781
v  -5.0533 0.6320 -32.9781
v  -4.7117 0.6320 -32.7423
v  -5.0967 0.0000 -33.0950
v  -5.0967 1.8347 -33.0950
v  -5.1141 1.8347 -33.1070
v  -5.1141 0.0000 -33.1070
v  -5.1186 1.8347 -33.1314
v  -5.1186 0.0000 -33.1314
v  -5.1060 1.8347 -33.1496
v  -5.1060 0.0000 -33.1496
v  -5.0816 1.8347 -33.1541
v  -5.0816 0.0000 -33.1541
v  -5.0642 1.8347 -33.1421
v  -5.0642 0.0000 -33.1421
v  -5.0598 1.8347 -33.1177
v  -5.0598 0.0000 -33.1177
v  -5.0723 1.8347 -33.0995
v  -5.0723 0.0000 -33.0995
v  -5.0842 1.8816 -33.1132
v  -5.1016 1.8816 -33.1251
v  -5.1090 1.8691 -33.1453
v  -5.1002 1.8535 -33.1581
v  -5.0787 1.8410 -33.1583
v  -5.0613 1.8410 -33.1463
v  -5.0539 1.8535 -33.1262
v  -5.0628 1.8691 -33.1134
v  -4.9744 1.9727 -33.2722
v  -4.9918 1.9727 -33.2842
v  -5.0002 1.9588 -33.3030
v  -4.9925 1.9413 -33.3141
v  -4.9720 1.9274 -33.3129
v  -4.9546 1.9274 -33.3009
v  -4.9463 1.9413 -33.2821
v  -4.9539 1.9588 -33.2710
v  -4.9716 1.9818 -33.2763
v  -4.9890 1.9818 -33.2883
v  -4.9935 1.9821 -33.3127
v  -4.9809 1.9825 -33.3309
v  -4.9565 1.9829 -33.3353
v  -4.9391 1.9829 -33.3233
v  -4.9347 1.9825 -33.2989
v  -4.9472 1.9821 -33.2808
v  -4.9716 2.2733 -33.2763
v  -4.9890 2.2733 -33.2883
v  -4.9935 2.2736 -33.3127
v  -4.9809 2.2740 -33.3309
v  -4.9565 2.2744 -33.3353
v  -4.9391 2.2744 -33.3233
v  -4.9347 2.2740 -33.2989
v  -4.9472 2.2736 -33.2808
v  -4.9694 2.2920 -33.2850
v  -4.9817 2.2920 -33.2934
v  -4.9848 2.2922 -33.3107
v  -4.9760 2.2925 -33.3235
v  -4.9587 2.2928 -33.3267
v  -4.9465 2.2928 -33.3182
v  -4.9433 2.2925 -33.3010
v  -4.9522 2.2922 -33.2881
v  -4.9713 2.3102 -33.2775
v  -4.9880 2.3102 -33.2890
v  -4.9923 2.3106 -33.3124
v  -4.9802 2.3110 -33.3298
v  -4.9568 2.3113 -33.3341
v  -4.9402 2.3113 -33.3226
v  -4.9359 2.3110 -33.2992
v  -4.9479 2.3106 -33.2818
v  -4.9713 2.3296 -33.2775
v  -4.9880 2.3296 -33.2890
v  -4.9923 2.3299 -33.3124
v  -4.9802 2.3303 -33.3298
v  -4.9568 2.3306 -33.3341
v  -4.9402 2.3306 -33.3226
v  -4.9359 2.3303 -33.2992
v  -4.9479 2.3299 -33.2818
v  -4.9641 2.3520 -33.3058
v  -9.7258 1.5194 -23.5915
v  -9.6908 1.4775 -23.5674
v  -9.0857 1.4778 -23.1497
v  -9.0507 1.5197 -23.1255
v  -9.0857 0.0336 -23.1497
v  -9.0507 0.0000 -23.1255
v  -9.6908 0.0336 -23.5674
v  -9.7258 0.0000 -23.5915
v  -12.7202 0.5003 -22.2029
v  -12.8459 0.5003 -22.1482
v  -12.0406 0.5003 -21.5924
v  -11.9348 0.5003 -21.6608
v  -9.0135 1.5197 -23.1794
v  -9.6886 1.5194 -23.6454
v  -9.0135 0.0000 -23.1794
v  -9.6886 0.0000 -23.6454
v  -11.9348 0.0000 -21.6608
v  -12.7202 0.0000 -22.2029
v  -12.8459 0.0000 -22.1482
v  -12.0406 0.0000 -21.5924
v  -12.7269 0.0000 -25.5530
v  -12.8261 0.0000 -25.6215
v  -12.8261 0.5003 -25.6215
v  -12.7269 0.5003 -25.5530
v  -13.2482 0.5003 -24.7977
v  -13.7696 0.5003 -24.0424
v  -13.7696 0.0000 -24.0424
v  -13.2482 0.0000 -24.7977
v  -13.3695 0.5003 -24.8343
v  -13.9129 0.5003 -24.0471
v  -13.3695 0.0000 -24.8343
v  -13.9129 0.0000 -24.0471
v  -10.3641 0.0000 -20.5766
v  -10.3045 0.0000 -20.6629
v  -10.4897 0.0000 -20.3945
v  -10.4302 0.0000 -20.4808
v  -10.4897 0.6342 -20.3945
v  -10.4302 0.5003 -20.4808
v  -10.3045 0.6342 -20.6629
v  -10.3641 0.5003 -20.5766
v  -10.5515 0.6342 -20.3842
v  -10.3167 0.6342 -20.7243
v  -10.5515 0.8623 -20.3842
v  -10.3167 0.8623 -20.7243
v  -10.4746 0.8623 -20.3931
v  -10.2978 0.8623 -20.6492
v  -5.4822 3.9227 -22.8110
v  -4.9444 4.2447 -23.5900
v  -4.9365 4.2104 -23.6014
v  -5.4743 3.8885 -22.8224
v  -11.1495 0.5003 -21.1187
v  -11.2354 0.5003 -21.0366
v  -13.6511 0.5003 -22.7040
v  -13.5056 0.5003 -22.7450
v  -14.2909 0.5003 -23.2871
v  -14.4563 0.5003 -23.2598
v  -11.1495 0.0000 -21.1187
v  -13.5056 0.0000 -22.7450
v  -14.2909 0.0000 -23.2871
v  -14.4563 0.0000 -23.2598
v  -13.6511 0.0000 -22.7040
v  -11.2354 0.0000 -21.0366
v  -9.9653 3.5550 -28.0225
v  -9.9874 3.5550 -28.0377
v  -10.0719 3.4864 -27.9151
v  -10.0499 3.4864 -27.8999
v  -10.1520 3.3296 -27.7991
v  -10.1300 3.3296 -27.7839
v  -10.1870 3.1639 -27.7484
v  -10.1650 3.1639 -27.7332
v  -10.1870 2.1422 -27.7484
v  -10.1650 2.1422 -27.7332
v  -9.9222 2.1422 -28.1085
v  -9.9332 3.1639 -28.1161
v  -9.9222 3.5550 -28.1085
v  -9.9332 3.3296 -28.1161
v  -9.9332 3.4864 -28.1161
v  -9.8571 3.5550 -28.1793
v  -9.7725 3.4864 -28.3018
v  -9.7946 3.4864 -28.3170
v  -9.8791 3.5550 -28.1945
v  -9.6924 3.3296 -28.4178
v  -9.7145 3.3296 -28.4330
v  -9.6574 3.1639 -28.4686
v  -9.6794 3.1639 -28.4838
v  -9.6574 2.1422 -28.4686
v  -9.6794 2.1422 -28.4838
v  -9.3289 3.5550 -28.9444
v  -9.3510 3.5550 -28.9597
v  -9.4355 3.4864 -28.8371
v  -9.4135 3.4864 -28.8219
v  -9.5156 3.3296 -28.7211
v  -9.4936 3.3296 -28.7059
v  -9.5507 3.1639 -28.6704
v  -9.5286 3.1639 -28.6551
v  -9.5507 2.1422 -28.6704
v  -9.5286 2.1422 -28.6551
v  -9.2858 2.1422 -29.0304
v  -9.2969 3.1639 -29.0381
v  -9.2858 3.5550 -29.0304
v  -9.2969 3.3296 -29.0381
v  -9.2969 3.4864 -29.0381
v  -9.2207 3.5550 -29.1012
v  -9.1361 3.4864 -29.2238
v  -9.1582 3.4864 -29.2390
v  -9.2427 3.5550 -29.1165
v  -9.0560 3.3296 -29.3398
v  -9.0781 3.3296 -29.3550
v  -9.0210 3.1639 -29.3905
v  -9.0430 3.1639 -29.4058
v  -9.0210 2.1422 -29.3905
v  -9.0430 2.1422 -29.4058
v  -9.4167 3.9227 -25.5268
v  -9.1019 3.9227 -25.3095
v  -8.5642 4.2447 -26.0886
v  -8.8790 4.2447 -26.3059
v  -8.8711 4.2104 -26.3173
v  -9.4089 3.8885 -25.5382
v  -9.0941 3.8885 -25.3209
v  -8.5563 4.2104 -26.1000
v  -8.7871 3.9227 -25.0922
v  -8.2494 4.2447 -25.8713
v  -8.2415 4.2104 -25.8827
v  -8.7792 3.8885 -25.1036
v  -3.6581 3.8951 -26.8835
v  -4.1893 4.2733 -26.1256
v  -3.8756 4.2752 -25.9067
v  -3.3444 3.8970 -26.6646
v  -4.1982 4.2399 -26.1124
v  -3.6671 3.8617 -26.8704
v  -3.3534 3.8636 -26.6515
v  -3.8846 4.2418 -25.8935
v  -3.0307 3.8988 -26.4457
v  -3.5619 4.2770 -25.6877
v  -3.5709 4.2437 -25.6746
v  -3.0397 3.8655 -26.4326
v  -5.5318 2.7255 -31.7568
v  -6.0639 3.0998 -30.9975
v  -5.7502 3.1017 -30.7786
v  -5.2181 2.7274 -31.5379
v  -6.0728 3.0664 -30.9845
v  -5.5407 2.6921 -31.7438
v  -5.2270 2.6940 -31.5248
v  -5.7591 3.0682 -30.7656
v  -4.9044 2.7293 -31.3190
v  -5.4365 3.1035 -30.5597
v  -5.4454 3.0701 -30.5467
v  -4.9133 2.6959 -31.3059
v  -6.9215 3.8951 -29.1361
v  -7.4527 4.2733 -28.3781
v  -7.1390 4.2752 -28.1592
v  -6.6078 3.8970 -28.9172
v  -7.4616 4.2399 -28.3650
v  -6.9305 3.8617 -29.1229
v  -6.6168 3.8636 -28.9040
v  -7.1480 4.2418 -28.1461
v  -6.2941 3.8988 -28.6983
v  -6.8253 4.2770 -27.9403
v  -6.8343 4.2437 -27.9272
v  -6.3031 3.8655 -28.6851
v  -2.9900 1.4774 -31.6416
v  -2.3849 1.4772 -31.2239
v  -2.3849 0.0332 -31.2239
v  -2.9900 0.0332 -31.6416
v  -2.3258 1.5191 -31.2280
v  -2.3608 1.4772 -31.2522
v  -2.9659 1.4774 -31.6699
v  -3.0009 1.5193 -31.6940
v  -2.9659 0.0332 -31.6699
v  -3.0009 0.0000 -31.6940
v  -2.3608 0.0332 -31.2522
v  -2.3258 0.0000 -31.2280
v  -3.0381 1.5193 -31.6401
v  -2.3630 1.5191 -31.1741
v  -3.0381 0.0000 -31.6401
v  -2.3630 0.0000 -31.1741
v  -4.9042 0.0000 -32.9709
v  -4.9042 0.6961 -32.9709
v  -4.8992 0.6961 -32.9780
v  -4.8992 0.0000 -32.9780
v  -4.8890 0.6961 -32.9798
v  -4.8890 0.0000 -32.9798
v  -4.8815 0.6961 -32.9746
v  -4.8815 0.0000 -32.9746
v  -4.8797 0.6961 -32.9644
v  -4.8797 0.0000 -32.9644
v  -4.8847 0.6961 -32.9573
v  -4.8847 0.0000 -32.9573
v  -4.8949 0.6961 -32.9555
v  -4.8949 0.0000 -32.9555
v  -4.9024 0.6961 -32.9607
v  -4.9024 0.0000 -32.9607
v  -4.8967 0.7155 -32.9656
v  -4.8917 0.7155 -32.9728
v  -4.8833 0.7103 -32.9758
v  -4.8780 0.7038 -32.9721
v  -4.8780 0.6987 -32.9632
v  -4.8830 0.6987 -32.9560
v  -4.8914 0.7038 -32.9530
v  -4.8967 0.7103 -32.9567
v  -4.8322 0.0000 -32.9226
v  -4.8322 0.4828 -32.9226
v  -4.8287 0.4828 -32.9277
v  -4.8287 0.0000 -32.9277
v  -4.8216 0.4828 -32.9289
v  -4.8216 0.0000 -32.9289
v  -4.8164 0.4828 -32.9252
v  -4.8164 0.0000 -32.9252
v  -4.8151 0.4828 -32.9182
v  -4.8151 0.0000 -32.9182
v  -4.8186 0.4828 -32.9132
v  -4.8186 0.0000 -32.9132
v  -4.8257 0.4828 -32.9119
v  -4.8257 0.0000 -32.9119
v  -4.8309 0.4828 -32.9156
v  -4.8309 0.0000 -32.9156
v  -4.8270 0.4964 -32.9190
v  -4.8235 0.4964 -32.9240
v  -4.8176 0.4928 -32.9261
v  -4.8140 0.4882 -32.9235
v  -4.8139 0.4846 -32.9173
v  -4.8174 0.4846 -32.9123
v  -4.8233 0.4882 -32.9102
v  -4.8270 0.4928 -32.9128
v  -4.7812 0.5227 -32.8869
v  -4.7777 0.5227 -32.8920
v  -4.7722 0.5187 -32.8943
v  -4.7690 0.5136 -32.8921
v  -4.7694 0.5096 -32.8862
v  -4.7729 0.5096 -32.8812
v  -4.7784 0.5136 -32.8788
v  -4.7816 0.5187 -32.8810
v  -4.7800 0.5254 -32.8861
v  -4.7765 0.5254 -32.8911
v  -4.7694 0.5254 -32.8924
v  -4.7642 0.5256 -32.8887
v  -4.7630 0.5257 -32.8816
v  -4.7665 0.5257 -32.8766
v  -4.7735 0.5256 -32.8754
v  -4.7788 0.5254 -32.8791
v  -4.7800 0.6526 -32.8861
v  -4.7765 0.6526 -32.8911
v  -4.7694 0.6527 -32.8924
v  -4.7642 0.6528 -32.8887
v  -4.7630 0.6529 -32.8816
v  -4.7665 0.6529 -32.8766
v  -4.7735 0.6528 -32.8754
v  -4.7788 0.6527 -32.8791
v  -4.9615 0.0000 -33.0770
v  -4.9615 0.1224 -33.0770
v  -4.8772 0.1224 -33.0188
v  -4.8772 0.0000 -33.0188
v  -5.0021 0.0000 -33.0182
v  -5.0021 0.1224 -33.0182
v  -4.9178 0.1224 -32.9599
v  -4.9178 0.0000 -32.9599
v  -9.7547 2.2965 -28.5970
v  -9.6862 2.2965 -28.6962
v  -9.6862 2.1438 -28.6962
v  -9.7547 2.1438 -28.5970
v  -9.6855 2.2965 -28.5493
v  -9.6855 2.1438 -28.5493
v  -9.6171 2.1438 -28.6484
v  -9.6171 2.2965 -28.6484
v  -2.8756 2.2965 -23.8488
v  -2.8756 2.1438 -23.8488
v  -2.8072 2.1438 -23.9479
v  -2.8072 2.2965 -23.9479
v  -2.9448 2.2965 -23.8965
v  -2.9448 2.1438 -23.8965
v  -2.8764 2.1438 -23.9957
v  -2.8764 2.2965 -23.9957
v  -4.6964 3.4411 -28.6704
v  -4.6869 3.6680 -28.7077
v  -4.7132 3.6681 -28.7259
v  -4.7447 3.4411 -28.7038
v  -4.7200 3.6686 -28.7630
v  -4.7572 3.4420 -28.7716
v  -4.7010 3.6692 -28.7905
v  -4.7223 3.4432 -28.8222
v  -4.6639 3.6697 -28.7973
v  -4.6544 3.4441 -28.8346
v  -4.6376 3.6697 -28.7791
v  -4.6061 3.4441 -28.8013
v  -4.6308 3.6692 -28.7421
v  -4.5936 3.4432 -28.7334
v  -4.6498 3.6686 -28.7145
v  -4.6285 3.4420 -28.6829
v  -4.6835 3.6965 -28.7209
v  -4.7021 3.6965 -28.7337
v  -4.7069 3.6969 -28.7599
v  -4.6935 3.6973 -28.7794
v  -4.6673 3.6977 -28.7842
v  -4.6487 3.6977 -28.7713
v  -4.6439 3.6973 -28.7451
v  -4.6573 3.6969 -28.7257
v  -4.6864 3.7389 -28.7095
v  -4.7117 3.7389 -28.7270
v  -4.7182 3.7393 -28.7625
v  -4.6999 3.7400 -28.7890
v  -4.6644 3.7404 -28.7955
v  -4.6391 3.7404 -28.7780
v  -4.6326 3.7400 -28.7425
v  -4.6509 3.7393 -28.7161
v  -6.8845 1.5746 -32.9044
v  -6.8845 0.7206 -32.9044
v  -7.1932 0.7206 -32.4571
v  -7.1932 1.5746 -32.4571
v  -6.9083 1.5746 -32.2604
v  -6.5995 1.5746 -32.7078
v  -6.5995 0.7206 -32.7078
v  -6.9083 0.7206 -32.2604
v  -6.8674 0.0000 -32.5553
v  -6.8724 0.0000 -32.5587
v  -6.8724 0.4337 -32.5587
v  -6.8674 0.4337 -32.5553
v  -6.8795 0.0000 -32.5574
v  -6.8795 0.4337 -32.5574
v  -6.8831 0.0000 -32.5521
v  -6.8831 0.4337 -32.5521
v  -6.8817 0.0000 -32.5450
v  -6.8817 0.4337 -32.5450
v  -6.8767 0.0000 -32.5416
v  -6.8767 0.4337 -32.5416
v  -6.8696 0.0000 -32.5429
v  -6.8696 0.4337 -32.5429
v  -6.8660 0.0000 -32.5482
v  -6.8660 0.4337 -32.5482
v  -6.8760 0.4472 -32.5534
v  -6.8710 0.4472 -32.5500
v  -6.8822 0.4436 -32.5533
v  -6.8848 0.4391 -32.5496
v  -6.8826 0.4355 -32.5438
v  -6.8775 0.4355 -32.5404
v  -6.8713 0.4391 -32.5405
v  -6.8688 0.4436 -32.5442
v  -6.9075 0.5976 -32.5072
v  -6.9024 0.5976 -32.5038
v  -6.9134 0.5936 -32.5075
v  -6.9156 0.5885 -32.5043
v  -6.9132 0.5845 -32.4989
v  -6.9081 0.5845 -32.4955
v  -6.9022 0.5885 -32.4952
v  -6.9000 0.5936 -32.4984
v  -6.9083 0.6002 -32.5060
v  -6.9032 0.6002 -32.5026
v  -6.9153 0.6003 -32.5047
v  -6.9189 0.6004 -32.4994
v  -6.9176 0.6005 -32.4924
v  -6.9125 0.6005 -32.4889
v  -6.9055 0.6004 -32.4903
v  -6.9019 0.6003 -32.4956
v  -6.9083 0.7275 -32.5060
v  -6.9032 0.7275 -32.5026
v  -6.9153 0.7276 -32.5047
v  -6.9189 0.7277 -32.4994
v  -6.9176 0.7278 -32.4924
v  -6.9125 0.7278 -32.4889
v  -6.9055 0.7277 -32.4903
v  -6.9019 0.7276 -32.4956
v  -6.8886 0.0000 -32.5223
v  -6.8781 0.1193 -32.5375
v  -6.8918 0.1193 -32.5470
v  -6.9023 0.0000 -32.5318
v  -6.8953 0.1196 -32.5663
v  -6.9058 0.0000 -32.5511
v  -6.8854 0.1199 -32.5807
v  -6.8959 0.0000 -32.5654
v  -6.8661 0.1202 -32.5842
v  -6.8766 0.0000 -32.5690
v  -6.8524 0.1202 -32.5747
v  -6.8629 0.0000 -32.5595
v  -6.8488 0.1199 -32.5554
v  -6.8593 0.0000 -32.5402
v  -6.8588 0.1196 -32.5410
v  -6.8693 0.0000 -32.5258
v  -6.8631 0.0487 -32.5546
# 865 vertices

vn 0.8230 -0.0000 0.5681
vn -0.1829 0.9467 0.2650
vn -0.5681 0.0000 0.8230
vn 0.8230 0.0000 0.5681
vn 0.0000 -1.0000 0.0000
vn -0.1453 -0.9843 -0.1003
vn 0.8037 -0.2151 0.5548
vn -0.8230 0.0000 -0.5681
vn -0.8037 -0.2151 -0.5548
vn -0.1003 -0.9843 0.1453
vn 0.1003 -0.9843 -0.1453
vn 0.5548 -0.2151 -0.8037
vn 0.5681 0.0000 -0.8230
vn -0.5681 -0.0000 0.8230
vn -0.5548 -0.2151 0.8037
vn -0.8231 0.0000 -0.5679
vn -0.8230 -0.0000 -0.5681
vn -0.8230 0.0000 -0.5680
vn 0.5681 0.0001 -0.8230
vn 0.5684 0.0000 -0.8227
vn 0.5682 0.0001 -0.8229
vn -0.1313 -0.9471 0.2928
vn -0.1472 -0.9659 0.2132
vn -0.1330 -0.9468 0.2931
vn 0.5681 0.0002 -0.8230
vn 0.0000 1.0000 -0.0000
vn -0.1597 0.9597 0.2313
vn -0.1674 0.9556 0.2426
vn 0.1773 0.9500 -0.2569
vn 0.1597 0.9597 -0.2314
vn 0.8231 -0.0001 0.5679
vn 0.8234 -0.0016 0.5675
vn -0.2078 -0.9293 0.3054
vn -0.2098 -0.9293 0.3040
vn 0.2120 0.9278 -0.3071
vn 0.1861 0.9448 -0.2696
vn -0.1713 0.9534 0.2482
vn 0.1838 -0.9462 -0.2662
vn 0.5681 0.0002 -0.8229
vn -0.8233 0.0001 -0.5676
vn -0.8237 0.0002 -0.5670
vn -0.6614 -0.5950 -0.4566
vn -0.4248 -0.8565 -0.2932
vn 0.4248 -0.8565 0.2932
vn 0.6614 -0.5950 0.4566
vn -0.4566 -0.5950 0.6614
vn -0.2932 -0.8565 0.4248
vn -0.4566 -0.5950 0.6615
vn 0.2932 -0.8565 -0.4248
vn 0.4566 -0.5950 -0.6614
vn 0.1453 -0.9843 0.1003
vn -0.8228 0.0001 -0.5683
vn 0.5681 -0.0000 -0.8230
vn 0.1909 -0.9417 -0.2772
vn 0.1910 -0.9418 -0.2768
vn 0.1911 -0.9416 -0.2771
vn 0.1910 -0.9415 -0.2775
vn -0.1845 -0.9458 0.2673
vn 0.5681 -0.0055 -0.8230
vn 0.8232 0.0004 0.5678
vn -0.0575 -0.9949 0.0834
vn 0.0000 -1.0000 -0.0000
vn 0.0002 1.0000 -0.0003
vn -0.0000 1.0000 -0.0002
vn 0.0000 1.0000 -0.0002
vn -0.0002 1.0000 0.0000
vn -0.0002 1.0000 0.0001
vn -0.0002 1.0000 0.0003
vn -0.0003 -1.0000 -0.0002
vn 0.8770 -0.0000 0.4805
vn -0.8770 0.0000 -0.4805
vn 0.0003 1.0000 0.0002
vn -0.0000 -1.0000 0.0000
vn 0.0681 0.9976 -0.0119
vn 0.0130 0.9976 0.0679
vn 0.1106 0.9808 -0.1603
vn -0.0588 0.9946 0.0852
vn 0.0588 0.9946 -0.0852
vn -0.5265 -0.3754 0.7628
vn 0.5265 0.3754 -0.7628
vn -0.1274 0.9745 0.1845
vn -0.3371 0.8049 0.4884
vn -0.4860 0.5178 0.7041
vn -0.5591 0.1772 0.8100
vn 0.8255 -0.0055 0.5644
vn 0.8396 -0.0000 0.5431
vn 0.8230 -0.0034 0.5681
vn 0.8230 -0.0066 0.5681
vn 0.8216 0.0581 0.5671
vn 0.8400 0.0447 0.5407
vn 0.8077 0.1916 0.5575
vn 0.1274 0.9745 -0.1845
vn 0.3371 0.8049 -0.4884
vn 0.4860 0.5178 -0.7041
vn 0.5591 0.1772 -0.8100
vn 0.8204 -0.0055 0.5717
vn 0.8056 0.0000 0.5925
vn 0.8034 0.0447 0.5937
vn 0.1914 -0.9415 -0.2774
vn 0.1916 -0.9414 -0.2776
vn -0.1106 0.9808 0.1603
vn -0.8230 -0.0000 -0.5680
vn -0.0000 -1.0000 -0.0000
vn 0.8229 0.0000 0.5682
vn 0.5680 0.0001 -0.8230
vn 0.5680 0.0001 -0.8231
vn 0.5677 0.0000 -0.8232
vn 0.8230 0.0000 0.5680
vn -0.2272 -0.9471 0.2266
vn -0.2269 -0.9468 0.2283
vn 0.5680 0.0002 -0.8230
vn -0.8229 -0.0001 -0.5682
vn -0.8226 -0.0016 -0.5686
vn -0.2119 -0.9293 0.3026
vn 0.5679 0.0001 -0.8231
vn 0.8227 0.0001 0.5685
vn 0.8222 0.0002 0.5692
vn 0.8231 0.0001 0.5678
vn 0.1915 -0.9417 -0.2768
vn 0.1918 -0.9415 -0.2770
vn 0.1914 -0.9416 -0.2769
vn 0.1911 -0.9418 -0.2767
vn 0.5681 -0.0054 -0.8230
vn -0.8228 0.0004 -0.5684
vn 0.0002 1.0000 -0.0001
vn 0.0002 1.0000 -0.0000
vn -0.0000 1.0000 0.0002
vn 0.0000 1.0000 0.0002
vn -0.2099 0.0000 0.9777
vn -0.2210 0.1965 0.9553
vn -0.8153 0.1978 0.5441
vn -0.8398 0.0000 0.5429
vn -0.9803 0.1098 -0.1639
vn -0.9777 0.0000 -0.2099
vn -0.5968 -0.0787 -0.7985
vn -0.5430 0.0000 -0.8398
vn 0.1636 -0.3356 -0.9277
vn 0.2099 0.0000 -0.9777
vn 0.8306 -0.3074 -0.4644
vn 0.8398 0.0000 -0.5429
vn 0.9604 -0.0752 0.2682
vn 0.9777 0.0000 0.2099
vn 0.5025 0.1061 0.8580
vn 0.5430 0.0000 0.8398
vn -0.0831 0.6618 0.7451
vn -0.6687 0.6606 0.3412
vn -0.9152 0.3190 -0.2461
vn -0.6600 -0.2284 -0.7157
vn 0.0088 -0.7215 -0.6924
vn 0.6461 -0.7280 -0.2293
vn 0.9022 -0.2371 0.3603
vn 0.5571 0.3195 0.7665
vn -0.0201 0.6599 0.7511
vn -0.6950 0.6573 0.2914
vn -0.9035 0.2261 -0.3640
vn -0.5513 -0.3155 -0.7724
vn 0.0764 -0.6728 -0.7359
vn 0.6607 -0.6733 -0.3319
vn 0.9171 -0.3165 0.2425
vn 0.6607 0.2279 0.7153
vn -0.1754 0.2374 0.9554
vn -0.8277 0.2426 0.5060
vn -0.9617 0.0718 -0.2646
vn -0.4993 -0.1126 -0.8591
vn 0.2217 -0.2038 -0.9536
vn 0.8129 -0.2035 -0.5457
vn 0.9803 -0.1118 0.1625
vn 0.5873 0.0709 0.8063
vn -0.2080 0.2093 0.9555
vn -0.8197 0.2092 0.5332
vn -0.9566 0.2091 -0.2031
vn -0.5337 0.2110 -0.8189
vn 0.2055 0.2139 -0.9550
vn 0.8201 0.2139 -0.5307
vn 0.9550 0.2110 0.2087
vn 0.5291 0.2091 0.8224
vn -0.2056 0.0276 0.9782
vn -0.8418 0.0276 0.5391
vn -0.9779 0.0282 -0.2072
vn -0.5414 0.0292 -0.8403
vn 0.2052 0.0302 -0.9783
vn 0.8420 0.0302 -0.5387
vn 0.9777 0.0291 0.2082
vn 0.5405 0.0282 0.8409
vn -0.2065 -0.1905 0.9597
vn -0.8242 -0.1905 0.5334
vn -0.9596 -0.1879 -0.2093
vn -0.5318 -0.1863 -0.8261
vn 0.2087 -0.1866 -0.9600
vn 0.8237 -0.1866 -0.5355
vn 0.9610 -0.1863 0.2043
vn 0.5360 -0.1879 0.8230
vn -0.1959 0.4031 0.8939
vn -0.7664 0.4031 0.5002
vn -0.8949 0.4049 -0.1877
vn -0.5004 0.4096 -0.7628
vn 0.1907 0.4146 -0.8898
vn 0.7644 0.4146 -0.4938
vn 0.8907 0.4096 0.1974
vn 0.4928 0.4048 0.7702
vn -0.0067 0.9999 0.0097
vn 0.0003 -1.0000 0.0002
vn -0.7603 -0.0000 -0.6496
vn 0.7603 0.0000 0.6496
vn -0.0003 1.0000 -0.0002
vn -0.0000 1.0000 -0.0000
vn -0.0681 0.9976 0.0119
vn -0.0130 0.9976 -0.0679
vn -0.5591 0.1772 0.8099
vn -0.8204 -0.0055 -0.5717
vn -0.8230 -0.0066 -0.5681
vn -0.8230 -0.0034 -0.5681
vn -0.8056 -0.0000 -0.5925
vn -0.8216 0.0581 -0.5671
vn -0.8034 0.0447 -0.5937
vn -0.8077 0.1916 -0.5575
vn -0.8255 -0.0055 -0.5644
vn -0.8396 0.0000 -0.5431
vn -0.8400 0.0447 -0.5407
vn 0.2128 0.9257 -0.3128
vn -0.8200 -0.0049 -0.5723
vn 0.5183 -0.4304 -0.7390
vn -0.5183 0.4304 0.7390
vn 0.8200 0.0049 0.5723
vn 0.2105 0.9273 -0.3095
vn 0.5193 -0.4266 -0.7405
vn -0.5193 0.4265 0.7405
vn -0.5193 0.4266 0.7405
vn 0.7603 -0.0000 0.6496
vn -0.0000 1.0000 0.0000
vn -0.7603 0.0000 -0.6496
vn -0.9764 0.0000 -0.2161
vn -0.9539 0.1965 -0.2271
vn -0.5389 0.1978 -0.8188
vn -0.5376 0.0000 -0.8432
vn 0.1702 0.1098 -0.9793
vn 0.2161 0.0000 -0.9764
vn 0.8023 -0.0787 -0.5918
vn 0.8432 0.0000 -0.5376
vn 0.9266 -0.3356 0.1695
vn 0.9764 0.0000 0.2161
vn 0.4591 -0.3074 0.8335
vn 0.5376 0.0000 0.8432
vn -0.2743 -0.0753 0.9587
vn -0.2161 0.0000 0.9764
vn -0.8612 0.1061 0.4971
vn -0.8432 0.0000 0.5376
vn -0.8895 0.4040 -0.2137
vn -0.5049 0.4004 -0.7647
vn 0.1554 0.2028 -0.9668
vn 0.7793 -0.1605 -0.6058
vn 0.8142 -0.5648 0.1344
vn 0.3600 -0.5834 0.7280
vn -0.2968 -0.1778 0.9382
vn -0.8510 0.2057 0.4832
vn 0.8023 -0.0787 -0.5917
vn 0.9267 -0.3355 0.1694
vn -0.2743 -0.0752 0.9587
vn -0.8432 0.0000 0.5377
vn -0.7445 0.6618 -0.0878
vn -0.3369 0.6606 -0.6709
vn 0.2519 0.3190 -0.9137
vn 0.7199 -0.2285 -0.6554
vn 0.6923 -0.7215 0.0133
vn 0.2252 -0.7280 0.6476
vn -0.3660 -0.2371 0.8999
vn -0.7700 0.3195 0.5523
vn -0.7509 0.6599 -0.0249
vn -0.2870 0.6574 -0.6968
vn 0.3698 0.2261 -0.9012
vn 0.7759 -0.3155 -0.5463
vn 0.7354 -0.6728 0.0811
vn 0.3277 -0.6733 0.6628
vn -0.2483 -0.3165 0.9155
vn -0.7194 0.2278 0.6561
vn -0.9543 0.2374 -0.1815
vn -0.5007 0.2426 -0.8309
vn 0.2708 0.0718 -0.9600
vn 0.8623 -0.1126 -0.4938
vn 0.9522 -0.2038 0.2278
vn 0.5405 -0.2035 0.8164
vn -0.1688 -0.1118 0.9793
vn -0.8100 0.0709 0.5821
vn -0.9767 0.0000 -0.2144
vn -0.5361 0.0000 -0.8441
vn 0.2202 0.0000 -0.9754
vn 0.8455 0.0000 -0.5339
vn 0.9760 0.0000 0.2179
vn 0.5391 0.0000 0.8422
vn -0.2119 0.0000 0.9773
vn -0.8409 0.0000 0.5412
vn -0.2112 0.1671 0.9631
vn -0.2030 0.2920 0.9346
vn -0.8019 0.2920 0.5212
vn -0.8256 0.1671 0.5390
vn -0.9362 0.2911 -0.1970
vn -0.9655 0.1659 -0.2009
vn -0.5229 0.2930 -0.8005
vn -0.5417 0.1664 -0.8240
vn 0.1994 0.2965 -0.9340
vn 0.2056 0.1681 -0.9641
vn 0.8026 0.2965 -0.5176
vn 0.8286 0.1680 -0.5341
vn 0.9339 0.2930 0.2050
vn 0.9625 0.1664 0.2143
vn 0.5161 0.2911 0.8055
vn 0.5302 0.1659 0.8315
vn -0.2060 0.0982 0.9736
vn -0.8373 0.0982 0.5378
vn -0.9738 0.0980 -0.2054
vn -0.5403 0.0986 -0.8357
vn 0.2044 0.0999 -0.9738
vn 0.8380 0.0999 -0.5364
vn 0.9730 0.0986 0.2088
vn 0.5373 0.0980 0.8377
vn -0.1838 0.5188 0.8349
vn -0.7155 0.5188 0.4679
vn -0.8334 0.5247 -0.1736
vn -0.4657 0.5318 -0.7073
vn 0.1766 0.5360 -0.8255
vn 0.7093 0.5360 -0.4579
vn 0.8265 0.5318 0.1846
vn 0.4579 0.5247 0.7177
vn 0.8363 0.0000 -0.5483
vn 0.2036 0.0000 -0.9791
vn 0.2135 0.1978 -0.9567
vn 0.8113 0.1965 -0.5506
vn -0.5483 0.0000 -0.8363
vn -0.5064 0.1098 -0.8553
vn -0.9790 0.0000 -0.2037
vn -0.9600 -0.0787 -0.2688
vn -0.8363 0.0000 0.5483
vn -0.8063 -0.3357 0.4870
vn -0.2036 0.0000 0.9790
vn -0.1337 -0.3074 0.9422
vn 0.5483 0.0000 0.8363
vn 0.5964 -0.0752 0.7991
vn 0.9790 0.0000 0.2037
vn 0.9815 0.1061 0.1594
vn 0.1803 0.3571 -0.9165
vn 0.7858 0.3592 -0.5035
vn -0.5589 0.1544 -0.8148
vn -0.9660 -0.1670 -0.1975
vn -0.7456 -0.4570 0.4851
vn -0.1547 -0.4677 0.8702
vn 0.5350 -0.1762 0.8263
vn 0.9619 0.1562 0.2246
vn 0.1939 0.3921 -0.8993
vn 0.7679 0.3946 -0.5046
vn -0.5263 0.1660 -0.8339
vn -0.9636 -0.1620 -0.2126
vn -0.7775 -0.3628 0.5136
vn -0.1935 -0.3628 0.9116
vn 0.5516 -0.1620 0.8182
vn 0.9687 0.1675 0.1830
vn 0.1735 0.2426 -0.9545
vn 0.8279 0.2374 -0.5081
vn -0.5936 0.0718 -0.8016
vn -0.9813 -0.1126 -0.1560
vn -0.8095 -0.2038 0.5506
vn -0.2158 -0.2035 0.9550
vn 0.5051 -0.1118 0.8558
vn 0.9638 0.0709 0.2571
vn 0.2019 0.0000 -0.9794
vn 0.8372 0.0000 -0.5469
vn -0.5518 0.0000 -0.8340
vn -0.9799 0.0000 -0.1994
vn -0.8353 0.0000 0.5499
vn -0.2054 0.0000 0.9787
vn 0.5446 0.0000 0.8387
vn 0.9782 0.0000 0.2078
vn -0.2209 0.1425 0.9648
vn 0.0381 0.9507 0.3077
vn -0.2732 0.9412 0.1986
vn -0.8238 0.1424 0.5487
vn -0.3820 0.9160 -0.1227
vn -0.9823 0.0638 -0.1764
vn -0.1524 0.8902 -0.4294
vn -0.5712 -0.0538 -0.8191
vn 0.2350 0.8826 -0.4071
vn 0.1934 -0.1398 -0.9711
vn 0.4153 0.9025 -0.1142
vn 0.8394 -0.1399 -0.5252
vn 0.3655 0.9272 -0.0825
vn 0.9684 -0.0539 0.2437
vn 0.3023 0.9413 0.1503
vn 0.5131 0.0640 0.8559
vn -0.1148 0.9904 -0.0771
# 388 vertex normals

vt 0.0757 0.2198 0.0000
vt 0.1955 0.2198 0.0000
vt 0.6545 0.5336 0.0000
vt 0.0073 0.2862 0.0000
vt 0.7037 0.0359 0.0000
vt 0.7050 0.8078 0.0000
vt 0.9259 0.8080 0.0000
vt 0.9249 0.0359 0.0000
vt 0.0084 0.2913 0.0000
vt 0.0084 0.8177 0.0000
vt 0.6556 0.8177 0.0000
vt 0.6556 0.5821 0.0000
vt 0.2154 0.1999 0.0000
vt 0.2154 0.0072 0.0000
vt 0.6545 0.0072 0.0000
vt 0.0039 0.2864 0.0000
vt 0.0557 0.2001 0.0000
vt 0.0557 0.0072 0.0000
vt 0.0039 0.0072 0.0000
vt 0.0556 0.1998 0.0000
vt 0.0299 0.2843 0.0000
vt 0.0299 0.0070 0.0000
vt 0.0556 0.0070 0.0000
vt 0.0073 0.0072 0.0000
vt 0.0557 0.1999 0.0000
vt 0.6971 0.2754 0.0000
vt 0.6584 0.2754 0.0000
vt 0.6584 0.0061 0.0000
vt 0.6971 0.0061 0.0000
vt 0.6584 0.3805 0.0000
vt 0.6971 0.3805 0.0000
vt 0.6972 0.0058 0.0000
vt 0.6972 0.3794 0.0000
vt 0.6586 0.3794 0.0000
vt 0.6586 0.0058 0.0000
vt 0.6971 0.2133 0.0000
vt 0.6577 0.2133 0.0000
vt 0.6577 0.0061 0.0000
vt 0.6577 0.3394 0.0000
vt 0.6971 0.3394 0.0000
vt 0.5450 0.4061 0.0000
vt 0.3147 0.4062 0.0000
vt 0.3148 0.0051 0.0000
vt 0.5450 0.0051 0.0000
vt 0.1958 0.2202 0.0000
vt 0.0755 0.2202 0.0000
vt 0.0269 0.2906 0.0000
vt 0.2313 0.3722 0.0000
vt 0.0553 0.0069 0.0000
vt 0.0553 0.1999 0.0000
vt 0.0262 0.2901 0.0000
vt 0.0262 0.0069 0.0000
vt 0.0555 0.2003 0.0000
vt 0.0555 0.0068 0.0000
vt 0.0269 0.0068 0.0000
vt 0.9240 0.8202 0.0000
vt 0.7008 0.8206 0.0000
vt 0.7011 0.8458 0.0000
vt 0.9496 0.8454 0.0000
vt 0.0752 0.2198 0.0000
vt 0.2140 0.2198 0.0000
vt 0.2151 0.2901 0.0000
vt 0.7005 0.8183 0.0000
vt 0.7005 0.8077 0.0000
vt 0.9250 0.8076 0.0000
vt 0.9506 0.8187 0.0000
vt 0.9281 0.0198 0.0000
vt 0.7036 0.0188 0.0000
vt 0.7038 0.0069 0.0000
vt 0.9283 0.0079 0.0000
vt 0.9281 0.0317 0.0000
vt 0.7030 0.0308 0.0000
vt 0.9663 0.8100 0.0000
vt 0.9665 0.7849 0.0000
vt 0.9715 0.0275 0.0000
vt 0.9970 0.0277 0.0000
vt 0.9924 0.7849 0.0000
vt 0.9518 0.8035 0.0000
vt 0.9271 0.8035 0.0000
vt 0.9536 0.0319 0.0000
vt 0.9541 0.0201 0.0000
vt 0.9540 0.0082 0.0000
vt 0.9259 0.0358 0.0000
vt 0.9249 0.8079 0.0000
vt 0.7022 0.0361 0.0000
vt 0.2058 0.2156 0.0000
vt 0.2111 0.2102 0.0000
vt 0.0654 0.2157 0.0000
vt 0.0600 0.2104 0.0000
vt 0.0599 0.2101 0.0000
vt 0.0652 0.2155 0.0000
vt 0.0600 0.2102 0.0000
vt 0.0654 0.2156 0.0000
vt 0.0649 0.2156 0.0000
vt 0.0596 0.2102 0.0000
vt 0.0299 0.2876 0.0000
vt 0.0299 0.2881 0.0000
vt 0.0652 0.2157 0.0000
vt 0.0599 0.2103 0.0000
vt 0.2061 0.2160 0.0000
vt 0.2115 0.2106 0.0000
vt 0.0598 0.2106 0.0000
vt 0.0652 0.2160 0.0000
vt 0.6972 0.3994 0.0000
vt 0.6972 0.4097 0.0000
vt 0.6586 0.4097 0.0000
vt 0.6586 0.3994 0.0000
vt 0.6972 0.3428 0.0000
vt 0.6972 0.3532 0.0000
vt 0.6586 0.3532 0.0000
vt 0.6586 0.3428 0.0000
vt 0.6971 0.3572 0.0000
vt 0.6971 0.3664 0.0000
vt 0.6577 0.3664 0.0000
vt 0.6577 0.3572 0.0000
vt 0.0556 0.2000 0.0000
vt 0.0299 0.2868 0.0000
vt 0.0757 0.2200 0.0000
vt 0.0755 0.2200 0.0000
vt 0.0299 0.2887 0.0000
vt 0.6972 0.3228 0.0000
vt 0.6586 0.3228 0.0000
vt 0.6577 0.3842 0.0000
vt 0.6971 0.3842 0.0000
vt 0.6972 0.4297 0.0000
vt 0.6586 0.4297 0.0000
vt 0.6972 0.3731 0.0000
vt 0.6586 0.3731 0.0000
vt 0.2158 0.2003 0.0000
vt 0.2158 0.0068 0.0000
vt 0.2313 0.0068 0.0000
vt 0.7034 0.8077 0.0000
vt 0.7050 0.0361 0.0000
vt 0.7060 0.0359 0.0000
vt 0.7073 0.8078 0.0000
vt 0.9268 0.8080 0.0000
vt 0.9258 0.0359 0.0000
vt 0.2143 0.2864 0.0000
vt 0.2143 0.2200 0.0000
vt 0.2919 0.5594 0.0000
vt 0.5215 0.5594 0.0000
vt 0.5215 0.8167 0.0000
vt 0.2919 0.8167 0.0000
vt 0.7020 0.8206 0.0000
vt 0.7020 0.8458 0.0000
vt 0.9237 0.8457 0.0000
vt 0.9239 0.8205 0.0000
vt 0.7008 0.8079 0.0000
vt 0.9269 0.8185 0.0000
vt 0.9269 0.8077 0.0000
vt 0.7040 0.8076 0.0000
vt 0.7040 0.8185 0.0000
vt 0.7019 0.0198 0.0000
vt 0.7019 0.0317 0.0000
vt 0.9259 0.0308 0.0000
vt 0.9253 0.0188 0.0000
vt 0.7017 0.0079 0.0000
vt 0.9252 0.0069 0.0000
vt 0.7026 0.0357 0.0000
vt 0.7026 0.0312 0.0000
vt 0.9265 0.0312 0.0000
vt 0.9265 0.0357 0.0000
vt 0.9251 0.0357 0.0000
vt 0.9251 0.0312 0.0000
vt 0.7024 0.0312 0.0000
vt 0.7024 0.0357 0.0000
vt 0.5439 0.4063 0.0000
vt 0.5439 0.0051 0.0000
vt 0.3148 0.4061 0.0000
vt 0.2302 0.8164 0.0000
vt 0.2302 0.6018 0.0000
vt 0.0099 0.6018 0.0000
vt 0.0099 0.8164 0.0000
vt 0.0299 0.2902 0.0000
vt 0.2383 0.2902 0.0000
vt 0.2393 0.2200 0.0000
vt 0.0918 0.2025 0.0000
vt 0.0918 0.0158 0.0000
vt 0.1761 0.0158 0.0000
vt 0.1761 0.2025 0.0000
vt 0.7020 0.8459 0.0000
vt 0.7020 0.8218 0.0000
vt 0.9506 0.8218 0.0000
vt 0.9506 0.8459 0.0000
vt 0.7008 0.8218 0.0000
vt 0.9506 0.8079 0.0000
vt 0.9862 0.7908 0.0000
vt 0.7008 0.8459 0.0000
vt 0.6877 0.4135 0.0000
vt 0.6972 0.4135 0.0000
vt 0.6972 0.4321 0.0000
vt 0.6877 0.4321 0.0000
vt 0.6597 0.4211 0.0000
vt 0.6881 0.4321 0.0000
vt 0.6881 0.4135 0.0000
vt 0.6593 0.4211 0.0000
vt 2.9281 -0.3522 0.0000
vt 2.9281 -0.3525 0.0000
vt 0.6746 0.4120 0.0000
vt 0.6597 0.4196 0.0000
vt 0.6877 0.3999 0.0000
vt 0.6972 0.3999 0.0000
vt 0.6593 0.4196 0.0000
vt 0.6742 0.4120 0.0000
vt 0.6732 0.4075 0.0000
vt 0.6881 0.3999 0.0000
vt 0.6881 0.0057 0.0000
vt 0.6732 0.0057 0.0000
vt 0.6877 0.0057 0.0000
vt 0.6972 0.0057 0.0000
vt 0.6728 0.4075 0.0000
vt 0.6728 0.0057 0.0000
vt 0.7427 0.9079 0.0000
vt 0.7427 0.8750 0.0000
vt 0.7660 0.8750 0.0000
vt 0.7660 0.9079 0.0000
vt 0.7600 0.9378 0.0000
vt 0.7487 0.9378 0.0000
vt 0.7487 0.9320 0.0000
vt 0.7600 0.9320 0.0000
vt 0.7265 0.9079 0.0000
vt 0.7265 0.8750 0.0000
vt 0.7427 0.8587 0.0000
vt 0.7660 0.8587 0.0000
vt 0.7822 0.8750 0.0000
vt 0.7822 0.9080 0.0000
vt 0.7427 0.9242 0.0000
vt 0.7487 0.9184 0.0000
vt 0.7487 0.9242 0.0000
vt 0.7600 0.9184 0.0000
vt 0.7660 0.9242 0.0000
vt 0.7600 0.9242 0.0000
vt 2.9244 -0.3393 0.0000
vt 2.9249 -0.3393 0.0000
vt 2.9249 -0.3400 0.0000
vt 2.9244 -0.3400 0.0000
vt 0.7351 0.9378 0.0000
vt 0.7351 0.9320 0.0000
vt 0.7736 0.9320 0.0000
vt 0.7736 0.9378 0.0000
vt 0.6754 0.9551 0.0000
vt 0.7498 0.9551 0.0000
vt 0.7498 0.9813 0.0000
vt 0.6754 0.9813 0.0000
vt 0.5447 0.9924 0.0000
vt 0.5107 0.9924 0.0000
vt 0.5107 0.9696 0.0000
vt 0.5447 0.9696 0.0000
vt 0.4586 0.9924 0.0000
vt 0.4586 0.9696 0.0000
vt 0.4245 0.9924 0.0000
vt 0.4245 0.9696 0.0000
vt 0.5968 0.9924 0.0000
vt 0.5968 0.9696 0.0000
vt 0.1822 0.2088 0.0000
vt 0.0862 0.2088 0.0000
vt 0.0907 0.2038 0.0000
vt 0.1776 0.2038 0.0000
vt 0.0862 0.0094 0.0000
vt 0.0907 0.0145 0.0000
vt 0.1822 0.0095 0.0000
vt 0.1776 0.0145 0.0000
vt 0.2041 0.9608 0.0000
vt 0.4287 0.9608 0.0000
vt 0.4060 0.9882 0.0000
vt 0.1757 0.9882 0.0000
vt 0.1818 0.9608 0.0000
vt 0.1818 0.8275 0.0000
vt 0.4065 0.8275 0.0000
vt 0.4065 0.9608 0.0000
vt 0.4117 0.8275 0.0000
vt 0.4117 0.9608 0.0000
vt 0.4576 0.9608 0.0000
vt 0.4576 0.8275 0.0000
vt 0.4859 0.8275 0.0000
vt 0.4859 0.9608 0.0000
vt 0.3409 0.8146 0.0000
vt 0.3409 0.6813 0.0000
vt 0.1161 0.6813 0.0000
vt 0.1161 0.8146 0.0000
vt 0.1044 0.8259 0.0000
vt 0.0771 0.8259 0.0000
vt 0.0525 0.8259 0.0000
vt 0.1291 0.8259 0.0000
vt 0.0771 0.9593 0.0000
vt 0.0525 0.9944 0.0000
vt 0.1044 0.9593 0.0000
vt 0.1291 0.9944 0.0000
vt 0.1714 0.9944 0.0000
vt 0.1326 0.9951 0.0000
vt 0.1326 0.8265 0.0000
vt 0.1714 0.8259 0.0000
vt 0.1679 0.8259 0.0000
vt 0.1679 0.9944 0.0000
vt 0.0606 0.9852 0.0000
vt 0.1231 0.9852 0.0000
vt 0.1314 0.9938 0.0000
vt 0.0523 0.9938 0.0000
vt 0.1231 0.9536 0.0000
vt 0.1314 0.9536 0.0000
vt 0.5837 0.9429 0.0000
vt 0.4887 0.9420 0.0000
vt 0.4893 0.8834 0.0000
vt 0.5842 0.8843 0.0000
vt 0.2690 0.8441 0.0000
vt 0.3276 0.8470 0.0000
vt 0.3251 0.8952 0.0000
vt 0.2666 0.8922 0.0000
vt 0.5010 0.8700 0.0000
vt 0.5728 0.8706 0.0000
vt 0.4886 0.8352 0.0000
vt 0.5003 0.8350 0.0000
vt 0.5406 0.8322 0.0000
vt 0.5729 0.8707 0.0000
vt 0.5013 0.8697 0.0000
vt 0.5346 0.8322 0.0000
vt 0.4987 0.8349 0.0000
vt 0.9859 0.9243 0.0000
vt 0.9859 0.9957 0.0000
vt 0.7974 0.9957 0.0000
vt 0.7974 0.9243 0.0000
vt 0.7975 0.9167 0.0000
vt 0.9861 0.9167 0.0000
vt 0.9935 0.9243 0.0000
vt 0.9935 0.9957 0.0000
vt 0.7898 0.9957 0.0000
vt 0.7898 0.9243 0.0000
vt 0.1818 0.9882 0.0000
vt 0.2560 0.9608 0.0000
vt 0.2560 0.8275 0.0000
vt 0.6608 0.9294 0.0000
vt 0.6608 0.8551 0.0000
vt 0.7094 0.8551 0.0000
vt 0.7094 0.9294 0.0000
vt 0.7919 0.8961 0.0000
vt 0.8024 0.8768 0.0000
vt 0.8049 0.8789 0.0000
vt 0.7949 0.8970 0.0000
vt 0.8254 0.8592 0.0000
vt 0.8269 0.8621 0.0000
vt 0.8491 0.8517 0.0000
vt 0.8496 0.8549 0.0000
vt 0.9914 0.8517 0.0000
vt 0.9914 0.8550 0.0000
vt 0.9947 0.8550 0.0000
vt 0.9929 0.9080 0.0000
vt 0.8491 0.9080 0.0000
vt 0.7924 0.9072 0.0000
vt 0.8257 0.9080 0.0000
vt 0.8038 0.9079 0.0000
vt 0.7033 0.0358 0.0000
vt 0.7043 0.8079 0.0000
vt 0.9241 0.8079 0.0000
vt 0.9228 0.0361 0.0000
vt 0.0755 0.2198 0.0000
vt 0.2391 0.2198 0.0000
vt 0.2391 0.2862 0.0000
vt 0.5203 0.8167 0.0000
vt 0.5203 0.5594 0.0000
vt 0.2291 0.6018 0.0000
vt 0.2291 0.8164 0.0000
vt 0.9249 0.8182 0.0000
vt 0.9249 0.8078 0.0000
vt 0.7018 0.8078 0.0000
vt 0.7018 0.8182 0.0000
vt 0.7027 0.0357 0.0000
vt 0.7027 0.0312 0.0000
vt 0.9254 0.0312 0.0000
vt 0.9254 0.0357 0.0000
vt 0.0523 0.9536 0.0000
vt 0.0606 0.9536 0.0000
vt 0.5866 0.8362 0.0000
vt 0.5749 0.8356 0.0000
vt 0.5765 0.8360 0.0000
vt 0.0299 0.2833 0.0000
vt 0.0299 0.2851 0.0000
vt 0.9254 0.0359 0.0000
vt 0.7038 0.0359 0.0000
vt 0.7028 0.8080 0.0000
vt 0.9241 0.8078 0.0000
vt 0.7020 0.8185 0.0000
vt 0.9249 0.8185 0.0000
vt 0.9249 0.8076 0.0000
vt 0.7020 0.8077 0.0000
vt 0.9270 0.0198 0.0000
vt 0.9270 0.0317 0.0000
vt 0.9272 0.0079 0.0000
vt 0.7038 0.0357 0.0000
vt 0.7038 0.0312 0.0000
vt 0.6049 0.9791 0.0000
vt 0.6519 0.9791 0.0000
vt 0.6519 0.9128 0.0000
vt 0.6049 0.9128 0.0000
vt 0.6878 0.4701 0.0000
vt 0.6878 0.7925 0.0000
vt 0.6911 0.7925 0.0000
vt 0.6911 0.4701 0.0000
vt 0.6666 0.4701 0.0000
vt 0.6665 0.7925 0.0000
vt 0.6693 0.7925 0.0000
vt 0.6693 0.4701 0.0000
vt 0.6728 0.7925 0.0000
vt 0.6728 0.4701 0.0000
vt 0.6755 0.7925 0.0000
vt 0.6755 0.4701 0.0000
vt 0.6788 0.7925 0.0000
vt 0.6788 0.4701 0.0000
vt 0.6816 0.7925 0.0000
vt 0.6816 0.4701 0.0000
vt 0.6850 0.7925 0.0000
vt 0.6850 0.4701 0.0000
vt 0.6788 0.7634 0.0000
vt 0.6785 0.7558 0.0000
vt 0.6757 0.7559 0.0000
vt 0.6759 0.7635 0.0000
vt 0.6725 0.7570 0.0000
vt 0.6726 0.7627 0.0000
vt 0.6696 0.7584 0.0000
vt 0.6699 0.7615 0.0000
vt 0.6664 0.7596 0.0000
vt 0.6666 0.7607 0.0000
vt 0.6908 0.7601 0.0000
vt 0.6908 0.7589 0.0000
vt 0.6880 0.7588 0.0000
vt 0.6879 0.7600 0.0000
vt 0.6847 0.7579 0.0000
vt 0.6847 0.7611 0.0000
vt 0.6818 0.7567 0.0000
vt 0.6820 0.7624 0.0000
vt 0.6668 0.7618 0.0000
vt 0.6665 0.7899 0.0000
vt 0.6692 0.7899 0.0000
vt 0.6695 0.7618 0.0000
vt 0.6725 0.7902 0.0000
vt 0.6727 0.7624 0.0000
vt 0.6755 0.7906 0.0000
vt 0.6756 0.7632 0.0000
vt 0.6788 0.7909 0.0000
vt 0.6788 0.7638 0.0000
vt 0.6815 0.7909 0.0000
vt 0.6816 0.7638 0.0000
vt 0.6848 0.7906 0.0000
vt 0.6848 0.7632 0.0000
vt 0.6879 0.7902 0.0000
vt 0.6877 0.7624 0.0000
vt 0.6911 0.7899 0.0000
vt 0.6909 0.7618 0.0000
vt 0.6910 0.7596 0.0000
vt 0.6909 0.7580 0.0000
vt 0.6880 0.7583 0.0000
vt 0.6881 0.7598 0.0000
vt 0.6847 0.7574 0.0000
vt 0.6849 0.7613 0.0000
vt 0.6820 0.7562 0.0000
vt 0.6821 0.7631 0.0000
vt 0.6788 0.7552 0.0000
vt 0.6789 0.7645 0.0000
vt 0.6759 0.7552 0.0000
vt 0.6760 0.7645 0.0000
vt 0.6727 0.7562 0.0000
vt 0.6727 0.7631 0.0000
vt 0.6699 0.7575 0.0000
vt 0.6667 0.7586 0.0000
vt 0.6667 0.7601 0.0000
vt 0.6728 0.7494 0.0000
vt 0.6728 0.7922 0.0000
vt 0.6756 0.7922 0.0000
vt 0.6756 0.7494 0.0000
vt 0.6788 0.7923 0.0000
vt 0.6788 0.7495 0.0000
vt 0.6817 0.7923 0.0000
vt 0.6817 0.7496 0.0000
vt 0.6850 0.7924 0.0000
vt 0.6850 0.7496 0.0000
vt 0.6877 0.7924 0.0000
vt 0.6877 0.7496 0.0000
vt 0.6910 0.7924 0.0000
vt 0.6910 0.7496 0.0000
vt 0.6667 0.7495 0.0000
vt 0.6667 0.7923 0.0000
vt 0.6696 0.7923 0.0000
vt 0.6696 0.7495 0.0000
vt 0.6738 0.7945 0.0000
vt 0.6733 0.7977 0.0000
vt 0.6759 0.7980 0.0000
vt 0.6762 0.7949 0.0000
vt 0.6789 0.7983 0.0000
vt 0.6792 0.7952 0.0000
vt 0.6816 0.7985 0.0000
vt 0.6817 0.7954 0.0000
vt 0.6846 0.7986 0.0000
vt 0.6847 0.7955 0.0000
vt 0.6871 0.7985 0.0000
vt 0.6872 0.7954 0.0000
vt 0.6897 0.7985 0.0000
vt 0.6905 0.7956 0.0000
vt 0.6678 0.7940 0.0000
vt 0.6682 0.7970 0.0000
vt 0.6705 0.7973 0.0000
vt 0.6707 0.7941 0.0000
vt 0.6729 0.8007 0.0000
vt 0.6756 0.8010 0.0000
vt 0.6787 0.8014 0.0000
vt 0.6815 0.8016 0.0000
vt 0.6847 0.8017 0.0000
vt 0.6873 0.8016 0.0000
vt 0.6905 0.8013 0.0000
vt 0.6670 0.7996 0.0000
vt 0.6698 0.8002 0.0000
vt 0.6724 0.8037 0.0000
vt 0.6752 0.8040 0.0000
vt 0.6785 0.8044 0.0000
vt 0.6814 0.8046 0.0000
vt 0.6847 0.8047 0.0000
vt 0.6875 0.8046 0.0000
vt 0.6909 0.8043 0.0000
vt 0.6662 0.8025 0.0000
vt 0.6691 0.8032 0.0000
vt 0.6805 0.8052 0.0000
vt 0.6783 0.8098 0.0000
vt 0.6829 0.8078 0.0000
vt 0.6828 0.8118 0.0000
vt 0.6802 0.8143 0.0000
vt 0.6762 0.8142 0.0000
vt 0.6738 0.8117 0.0000
vt 0.6739 0.8077 0.0000
vt 0.6765 0.8052 0.0000
vt 0.9252 0.0358 0.0000
vt 0.7040 0.0361 0.0000
vt 0.7026 0.8079 0.0000
vt 0.9242 0.8079 0.0000
vt 0.6262 0.3394 0.0000
vt 0.5959 0.3288 0.0000
vt 0.5970 0.3249 0.0000
vt 0.6282 0.3323 0.0000
vt 0.5978 0.3202 0.0000
vt 0.6296 0.3237 0.0000
vt 0.5979 0.3160 0.0000
vt 0.6298 0.3160 0.0000
vt 0.5976 0.3113 0.0000
vt 0.6292 0.3074 0.0000
vt 0.5969 0.3073 0.0000
vt 0.6280 0.3002 0.0000
vt 0.5956 0.3028 0.0000
vt 0.6256 0.2919 0.0000
vt 0.6188 0.3539 0.0000
vt 0.5919 0.3368 0.0000
vt 0.5940 0.3331 0.0000
vt 0.6227 0.3473 0.0000
vt 0.6020 0.3194 0.0000
vt 0.6061 0.3186 0.0000
vt 0.6062 0.3208 0.0000
vt 0.6029 0.3232 0.0000
vt 0.6065 0.3223 0.0000
vt 0.6069 0.3259 0.0000
vt 0.6062 0.3218 0.0000
vt 0.6099 0.3228 0.0000
vt 0.6048 0.3200 0.0000
vt 0.6085 0.3182 0.0000
vt 0.6030 0.3181 0.0000
vt 0.6061 0.3154 0.0000
vt 0.6009 0.3157 0.0000
vt 0.6030 0.3125 0.0000
vt 0.6025 0.3116 0.0000
vt 0.6062 0.3126 0.0000
vt 0.6020 0.3152 0.0000
vt 0.6119 0.3193 0.0000
vt 0.6115 0.3230 0.0000
vt 0.6090 0.3268 0.0000
vt 0.6049 0.3272 0.0000
vt 0.6012 0.3247 0.0000
vt 0.5988 0.3220 0.0000
vt 0.5963 0.3188 0.0000
vt 0.6115 0.3115 0.0000
vt 0.6118 0.3152 0.0000
vt 0.5879 0.2930 0.0000
vt 0.5871 0.3382 0.0000
vt 0.5810 0.3387 0.0000
vt 0.5817 0.2935 0.0000
vt 0.5755 0.3395 0.0000
vt 0.5762 0.2943 0.0000
vt 0.5693 0.3400 0.0000
vt 0.5701 0.2948 0.0000
vt 0.5641 0.3399 0.0000
vt 0.5648 0.2947 0.0000
vt 0.5579 0.3392 0.0000
vt 0.5587 0.2940 0.0000
vt 0.5838 0.3141 0.0000
vt 0.5840 0.3400 0.0000
vt 0.5785 0.3139 0.0000
vt 0.5725 0.3153 0.0000
vt 0.5677 0.3180 0.0000
vt 0.5635 0.3226 0.0000
vt 0.5611 0.3273 0.0000
vt 0.5594 0.3332 0.0000
vt 0.5906 0.3207 0.0000
vt 0.5651 0.3209 0.0000
vt 0.5899 0.3152 0.0000
# 598 texture coords

g City_building_001
usemtl Building_dnt
s 1
f 1/1/1 2/2/1 3/3/1 
f 3/3/1 4/4/1 1/1/1 
f 5/5/2 6/6/2 7/7/2 
f 7/7/2 8/8/2 5/5/2 
f 3/9/1 9/10/1 10/11/1 
f 10/11/1 11/12/1 3/9/1 
f 3/3/1 12/13/1 13/14/1 
f 13/14/1 9/15/1 3/3/1 
s 2
f 4/16/3 14/17/3 15/18/3 
f 15/18/3 16/19/3 4/16/3 
f 17/20/3 18/21/3 19/22/3 
f 19/22/3 20/23/3 17/20/3 
s 1
f 4/4/1 16/24/4 21/18/4 
f 21/18/4 22/25/4 4/4/1 
f 23/26/5 24/27/5 25/28/6 
f 25/28/6 26/29/6 23/26/5 
f 17/30/7 20/28/4 27/29/4 
f 27/29/4 28/31/7 17/30/7 
f 15/32/8 14/33/9 29/34/9 
f 29/34/9 30/35/8 15/32/8 
s 2
f 2/29/10 1/36/11 31/37/11 
f 31/37/11 32/38/10 2/29/10 
f 22/39/12 21/38/13 33/29/13 
f 33/29/13 34/40/12 22/39/12 
f 13/29/14 12/40/15 35/39/15 
f 35/39/15 36/38/14 13/29/14 
s 1
f 37/41/3 38/42/3 39/43/3 
f 39/43/3 40/44/3 37/41/3 
s 4
f 32/45/16 31/46/17 41/47/17 
f 41/47/17 37/48/18 32/45/16 
s 2
f 30/49/19 29/50/20 41/51/21 
f 41/51/21 42/52/19 30/49/19 
s 4
f 34/53/8 33/54/8 42/55/8 
f 42/55/8 41/47/17 34/53/8 
s 2
f 11/56/22 43/57/23 44/58/23 
f 44/58/23 45/59/24 11/56/22 
f 25/60/25 24/61/19 46/62/19 
f 46/62/19 41/51/21 25/60/25 
s 1
f 44/63/13 47/64/13 48/65/13 
f 48/65/13 45/66/13 44/63/13 
s 2
f 49/67/26 50/68/26 51/69/27 
f 51/69/27 52/70/28 49/67/26 
f 53/71/29 54/72/30 50/68/26 
f 50/68/26 49/67/26 53/71/29 
s 4
f 55/73/31 56/74/32 57/75/1 
s 2
f 3/76/33 11/77/22 45/73/24 
f 45/73/24 57/75/34 3/76/33 
s 1
f 45/66/13 48/65/13 58/78/13 
s 2
f 59/79/35 53/71/29 60/80/36 
f 60/80/36 58/78/35 59/79/35 
f 53/71/29 49/67/26 61/81/26 
f 61/81/26 60/80/36 53/71/29 
f 49/67/26 52/70/28 62/82/37 
f 62/82/37 61/81/26 49/67/26 
f 52/80/28 63/78/2 64/79/2 
f 64/79/2 62/71/37 52/80/28 
s 8
f 4/75/38 3/73/38 57/77/38 
f 57/77/38 56/76/38 4/75/38 
s 4
f 8/79/8 7/71/8 63/83/8 
f 63/83/8 52/65/8 8/79/8 
s 8
f 7/84/3 55/66/3 64/78/3 
f 64/78/3 63/79/3 7/84/3 
s 4
f 55/73/31 57/75/1 62/80/1 
f 62/80/1 64/78/4 55/73/31 
f 57/75/1 61/81/4 62/80/1 
f 57/75/1 60/80/4 61/81/4 
f 57/75/1 45/73/4 58/78/4 
f 58/78/4 60/80/4 57/75/1 
s 1
f 58/78/13 48/65/13 59/79/13 
s 4
f 48/65/8 65/83/8 53/71/8 
f 53/71/8 59/79/8 48/65/8 
s 1
f 66/85/13 54/72/13 53/71/13 
f 53/71/13 65/83/13 66/85/13 
f 67/86/1 68/87/1 3/3/1 
s 2
f 69/88/3 70/89/3 4/16/3 
f 71/90/3 72/91/3 18/21/3 
s 1
f 73/92/4 74/93/4 4/4/1 
s 2
f 75/94/39 41/51/21 76/95/21 
f 77/96/13 78/97/13 79/98/13 
f 79/98/13 80/99/13 77/96/13 
s 4
f 81/100/40 37/48/18 82/101/41 
f 83/102/17 41/47/17 84/103/17 
s 1
f 70/104/42 69/105/43 75/106/43 
f 75/106/43 76/107/42 70/104/42 
f 72/108/44 71/109/45 80/110/45 
f 80/110/45 79/111/44 72/108/44 
s 2
f 68/112/46 67/113/47 81/114/47 
f 81/114/47 82/115/48 68/112/46 
f 74/114/49 73/115/50 83/112/50 
f 83/112/50 84/113/49 74/114/49 
f 25/60/25 41/51/21 75/94/39 
f 80/99/13 28/116/13 78/117/13 
f 78/117/13 77/96/13 80/99/13 
s 4
f 32/45/16 37/48/18 81/100/40 
f 34/53/8 41/47/17 83/102/17 
s 1
f 3/3/1 2/2/1 67/86/1 
f 3/3/1 68/87/1 12/13/1 
s 2
f 4/16/3 26/118/3 69/88/3 
f 4/16/3 70/89/3 14/17/3 
s 1
f 4/4/1 22/25/4 73/92/4 
f 4/4/1 74/93/4 1/1/1 
s 2
f 76/95/21 41/51/21 29/50/20 
f 85/119/13 79/98/13 78/97/13 
f 78/97/13 86/120/13 85/119/13 
s 4
f 31/46/17 84/103/17 41/47/17 
s 1
f 14/33/9 70/104/42 76/107/42 
f 76/107/42 29/34/9 14/33/9 
f 87/121/51 72/108/44 79/111/44 
f 79/111/44 85/122/51 87/121/51 
s 2
f 12/40/15 68/112/46 82/115/48 
f 82/115/48 35/39/15 12/40/15 
f 1/123/11 74/114/49 84/113/49 
f 84/113/49 31/124/11 1/123/11 
s 1
f 69/105/43 26/125/6 25/126/6 
f 25/126/6 75/106/43 69/105/43 
f 71/109/45 17/127/7 28/128/7 
f 28/128/7 80/110/45 71/109/45 
s 2
f 67/113/47 2/124/10 32/123/10 
f 32/123/10 81/114/47 67/113/47 
f 73/115/50 22/39/12 34/40/12 
f 34/40/12 83/112/50 73/115/50 
s 4
f 37/48/18 35/129/52 82/101/41 
f 36/130/17 35/129/52 40/131/8 
f 35/129/52 37/48/18 40/131/8 
s 2
f 65/83/35 48/65/35 47/132/35 
f 47/132/35 66/133/35 65/83/35 
s 1
f 88/134/2 89/135/2 6/136/2 
f 6/136/2 5/137/2 88/134/2 
s 2
f 26/118/3 4/16/3 90/138/3 
f 90/138/3 23/139/3 26/118/3 
s 4
f 43/140/13 11/141/53 10/142/53 
f 10/142/53 91/143/13 43/140/13 
s 1
f 87/121/51 85/122/51 24/35/5 
f 24/35/5 23/32/5 87/121/51 
s 2
f 92/144/23 93/145/23 44/146/23 
f 44/146/23 43/147/23 92/144/23 
s 8
f 94/63/3 55/66/3 7/84/3 
f 7/84/3 6/148/3 94/63/3 
s 1
f 93/149/13 95/150/13 47/151/13 
f 47/151/13 44/152/13 93/149/13 
s 2
f 96/153/26 97/154/27 51/155/27 
f 51/155/27 50/156/26 96/153/26 
f 98/157/30 96/153/26 50/156/26 
f 50/156/26 54/158/30 98/157/30 
s 8
f 8/159/3 52/160/3 51/161/3 
f 51/161/3 5/162/3 8/159/3 
s 1
f 99/163/13 98/164/13 54/165/13 
f 54/165/13 66/166/13 99/163/13 
f 100/167/3 101/168/3 39/43/3 
f 39/43/3 38/169/3 100/167/3 
s 8
f 37/170/54 41/171/55 46/172/56 
f 46/172/56 38/173/57 37/170/54 
s 2
f 85/119/13 86/120/13 102/174/13 
f 85/119/13 102/174/13 46/175/19 
f 24/176/19 85/119/13 46/175/19 
s 1
f 103/177/3 104/178/3 105/179/3 
f 105/179/3 106/180/3 103/177/3 
f 107/181/58 108/182/58 109/183/58 
f 109/183/58 94/184/58 107/181/58 
s 16
f 90/148/59 4/84/59 110/183/59 
f 110/183/59 109/185/59 90/148/59 
f 4/84/59 56/186/59 110/183/59 
s 4
f 56/74/32 55/73/31 110/187/60 
s 1
f 55/184/58 94/188/58 109/185/58 
f 109/185/58 110/183/58 55/184/58 
f 111/189/3 112/190/3 113/191/3 
f 113/191/3 114/192/3 111/189/3 
s 2
f 115/193/4 113/194/4 112/195/4 
f 116/196/8 111/189/8 114/192/8 
s 1
f 116/197/13 115/198/13 117/198/13 
f 117/198/13 118/197/13 116/197/13 
s 2
f 115/193/4 112/195/4 119/199/4 
f 119/199/4 117/200/4 115/193/4 
s 4
f 112/190/61 111/189/61 120/201/61 
f 120/201/61 119/202/61 112/190/61 
s 2
f 111/189/8 116/196/8 118/203/8 
f 118/203/8 120/204/8 111/189/8 
f 117/205/4 119/206/4 121/207/4 
f 121/207/4 122/208/4 117/205/4 
s 1
f 119/202/3 120/201/3 123/209/3 
f 123/209/3 121/210/3 119/202/3 
s 2
f 120/201/8 118/211/8 124/212/8 
f 124/212/8 123/209/8 120/201/8 
s 1
f 125/213/4 126/214/4 127/215/4 
f 127/215/4 128/216/4 125/213/4 
f 129/217/26 130/218/26 131/219/26 
f 131/219/26 132/220/26 129/217/26 
s 2
f 133/221/3 134/222/3 126/214/3 
f 126/214/3 125/213/3 133/221/3 
s 4
f 134/223/62 135/224/62 127/215/62 
f 127/215/62 126/214/62 134/223/62 
s 2
f 135/225/53 136/226/53 128/216/53 
f 128/216/53 127/215/13 135/225/53 
s 4
f 133/227/63 125/213/64 137/228/65 
f 137/228/65 138/229/63 133/227/63 
f 125/213/64 128/216/66 139/230/67 
f 139/230/67 137/228/65 125/213/64 
f 128/216/66 136/231/68 140/232/68 
f 140/232/68 139/230/67 128/216/66 
s 2
f 140/233/8 138/234/8 130/235/8 
f 130/235/8 129/236/8 140/233/8 
s 8
f 138/237/3 137/238/3 131/219/3 
f 131/219/3 130/218/3 138/237/3 
s 2
f 137/228/4 139/230/4 132/220/4 
f 132/220/4 131/219/4 137/228/4 
s 8
f 139/239/13 140/240/13 129/217/13 
f 129/217/13 132/220/13 139/239/13 
s 1
f 141/241/13 142/242/53 143/243/53 
f 143/243/53 144/244/13 141/241/13 
s 2
f 145/245/26 146/246/26 141/247/26 
f 141/247/26 144/248/26 145/245/26 
s 4
f 146/246/4 147/249/4 142/250/4 
f 142/250/4 141/247/4 146/246/4 
s 2
f 147/249/62 148/251/62 143/252/62 
f 143/252/62 142/250/62 147/249/62 
s 4
f 148/253/8 145/245/8 144/248/8 
f 144/248/8 143/254/8 148/253/8 
s 1
f 149/255/3 150/256/3 151/257/3 
f 151/257/3 152/258/3 149/255/3 
f 150/256/3 153/259/14 154/260/14 
f 154/260/14 151/257/3 150/256/3 
f 153/259/14 155/261/3 156/262/3 
f 156/262/3 154/260/14 153/259/14 
f 155/261/3 149/255/3 152/258/3 
f 152/258/3 156/262/3 155/261/3 
s 2
f 152/258/69 151/257/69 103/177/69 
f 103/177/69 106/180/69 152/258/69 
s 4
f 151/257/70 154/260/70 104/178/70 
f 104/178/70 103/177/70 151/257/70 
s 2
f 154/260/26 156/262/26 105/179/26 
f 105/179/26 104/178/26 154/260/26 
s 4
f 156/262/71 152/258/71 106/180/71 
f 106/180/71 105/179/71 156/262/71 
s 1
f 157/263/26 158/264/26 159/265/26 
f 159/265/26 160/266/26 157/263/26 
s 2
f 150/256/72 149/255/72 161/255/72 
f 161/255/72 162/256/72 150/256/72 
s 4
f 153/259/8 150/256/8 162/256/8 
f 162/256/8 163/259/8 153/259/8 
f 149/255/1 155/261/1 164/261/1 
f 164/261/1 161/255/1 149/255/1 
s 2
f 165/267/13 158/268/13 157/269/13 
f 157/269/13 166/270/13 165/267/13 
f 167/271/3 160/272/3 159/267/3 
f 159/267/3 168/268/3 167/271/3 
f 169/273/13 170/274/13 171/275/13 
f 171/275/13 172/276/13 169/273/13 
s 4
f 173/269/8 174/270/8 175/267/8 
f 175/267/8 176/268/8 173/269/8 
s 1
f 177/265/26 173/264/26 176/263/26 
f 176/263/26 178/266/26 177/265/26 
s 4
f 179/277/4 177/278/4 178/279/4 
f 178/279/4 180/280/4 179/277/4 
s 1
f 175/263/62 174/264/62 179/265/62 
f 179/265/62 180/266/62 175/263/62 
s 4
f 181/281/4 182/282/4 183/283/4 
f 183/283/4 184/284/4 181/281/4 
f 182/282/4 185/285/4 186/286/4 
f 186/286/4 183/283/4 182/282/4 
f 185/285/4 187/287/4 188/288/4 
f 188/288/4 186/286/4 185/285/4 
f 187/287/4 181/281/4 184/284/4 
f 184/284/4 188/288/4 187/287/4 
s 1
f 186/289/3 189/290/3 190/291/3 
f 190/291/3 183/292/3 186/289/3 
f 184/284/13 191/293/13 192/294/13 
f 192/294/13 188/288/13 184/284/13 
s 2
f 186/295/73 188/296/62 193/297/62 
f 193/297/62 194/298/62 186/295/73 
f 188/296/62 192/299/62 195/300/62 
f 195/300/62 193/297/62 188/296/62 
s 1
f 194/301/4 193/302/4 196/303/4 
f 196/303/4 197/304/4 194/301/4 
s 4
f 195/305/13 198/306/13 196/307/13 
f 196/307/13 193/308/13 195/305/13 
s 2
f 197/304/26 196/303/26 199/309/74 
f 199/309/74 200/310/75 197/304/26 
f 198/311/26 201/312/76 199/309/74 
f 199/309/74 196/303/26 198/311/26 
f 202/313/77 200/314/75 199/315/74 
f 199/315/74 203/316/78 202/313/77 
f 199/315/74 201/317/76 203/316/78 
s 1
f 204/318/2 205/319/2 206/320/2 
f 206/320/2 207/321/2 204/318/2 
s 2
f 208/322/8 209/323/8 204/318/8 
f 204/318/8 207/321/8 208/322/8 
s 4
f 209/324/79 210/325/79 205/319/79 
f 205/319/79 204/318/79 209/324/79 
f 211/326/80 208/327/80 207/321/80 
f 207/321/80 206/320/80 211/326/80 
s 1
f 212/265/26 187/328/26 185/267/26 
f 185/267/26 213/272/26 212/265/26 
f 158/263/26 212/264/26 213/265/26 
f 213/265/26 159/266/26 158/263/26 
f 214/265/26 215/266/26 216/263/26 
f 216/263/26 217/264/26 214/265/26 
f 160/265/26 214/266/26 217/263/26 
f 217/263/26 157/264/26 160/265/26 
s 2
f 181/267/13 187/268/13 212/269/13 
f 212/269/13 218/270/13 181/267/13 
f 218/270/13 212/269/13 158/268/13 
f 158/268/13 165/267/13 218/270/13 
f 216/269/13 219/270/13 220/267/13 
f 220/267/13 217/268/13 216/269/13 
f 217/268/13 220/267/13 166/270/13 
f 166/270/13 157/269/13 217/268/13 
f 221/275/3 215/276/3 214/329/3 
f 214/329/3 222/330/3 221/275/3 
f 222/268/3 214/267/3 160/272/3 
f 160/272/3 167/271/3 222/268/3 
f 185/267/3 182/268/3 223/271/3 
f 223/271/3 213/272/3 185/267/3 
f 213/272/3 223/271/3 168/268/3 
f 168/268/3 159/267/3 213/272/3 
s 4
f 170/268/8 169/267/8 174/270/8 
f 174/270/8 173/269/8 170/268/8 
f 219/267/8 216/268/8 176/269/8 
f 176/269/8 175/270/8 219/267/8 
s 1
f 171/267/26 170/328/26 173/265/26 
f 173/265/26 177/272/26 171/267/26 
f 216/263/26 215/266/26 178/265/26 
f 178/265/26 176/264/26 216/263/26 
s 4
f 172/280/4 171/279/4 177/278/4 
f 177/278/4 179/277/4 172/280/4 
f 215/278/4 221/277/4 180/280/4 
f 180/280/4 178/279/4 215/278/4 
s 1
f 174/265/62 169/328/62 172/267/62 
f 172/267/62 179/272/62 174/265/62 
f 180/265/62 221/266/62 219/263/62 
f 219/263/62 175/264/62 180/265/62 
f 224/331/13 225/332/53 226/333/13 
f 226/333/13 227/334/13 224/331/13 
s 2
f 228/245/26 229/246/26 224/247/26 
f 224/247/26 227/248/26 228/245/26 
s 4
f 229/246/4 230/249/4 225/250/4 
f 225/250/4 224/247/4 229/246/4 
s 2
f 230/249/62 231/251/62 226/252/62 
f 226/252/62 225/250/62 230/249/62 
s 4
f 231/253/8 228/245/8 227/248/8 
f 227/248/8 226/254/8 231/253/8 
s 1
f 232/335/81 233/336/82 234/337/82 
f 234/337/82 235/338/81 232/335/81 
f 233/336/82 236/339/83 237/340/83 
f 237/340/83 234/337/82 233/336/82 
f 236/339/83 238/341/84 239/342/84 
f 239/342/84 237/340/83 236/339/83 
f 238/341/84 240/343/3 241/344/3 
f 241/344/3 239/342/84 238/341/84 
s 2
f 240/345/62 242/346/62 241/344/62 
s 4
f 239/342/85 241/344/86 242/346/87 
f 242/346/87 243/347/88 239/342/85 
s 1
f 244/348/26 232/335/81 235/338/81 
s 4
f 237/340/4 239/342/85 243/347/88 
f 243/347/88 245/349/4 237/340/4 
f 234/337/4 237/340/4 245/349/4 
f 245/349/4 246/350/89 234/337/4 
f 235/338/90 234/337/4 246/350/89 
f 246/350/89 244/348/91 235/338/90 
s 2
f 247/335/92 248/338/92 249/337/93 
f 249/337/93 250/336/93 247/335/92 
f 250/336/93 249/337/93 251/340/94 
f 251/340/94 252/339/94 250/336/93 
f 252/339/94 251/340/94 253/342/95 
f 253/342/95 254/341/95 252/339/94 
f 254/341/95 253/342/95 255/344/53 
f 255/344/53 256/343/53 254/341/95 
s 1
f 256/345/5 255/344/5 242/346/5 
s 4
f 253/342/96 243/347/88 242/346/87 
f 242/346/87 255/344/97 253/342/96 
s 2
f 244/348/26 248/338/92 247/335/92 
s 4
f 251/340/4 245/349/4 243/347/88 
f 243/347/88 253/342/96 251/340/4 
f 249/337/4 246/350/89 245/349/4 
f 245/349/4 251/340/4 249/337/4 
f 248/338/98 244/348/91 246/350/89 
f 246/350/89 249/337/4 248/338/98 
s 1
f 257/335/81 258/336/82 259/337/82 
f 259/337/82 260/338/81 257/335/81 
f 258/336/82 261/339/83 262/340/83 
f 262/340/83 259/337/82 258/336/82 
f 261/339/83 263/341/84 264/342/84 
f 264/342/84 262/340/83 261/339/83 
f 263/341/84 265/343/3 266/344/3 
f 266/344/3 264/342/84 263/341/84 
s 2
f 265/345/62 267/346/62 266/344/62 
s 4
f 264/342/85 266/344/86 267/346/87 
f 267/346/87 268/347/88 264/342/85 
s 1
f 269/348/26 257/335/81 260/338/81 
s 4
f 262/340/4 264/342/85 268/347/88 
f 268/347/88 270/349/4 262/340/4 
f 259/337/4 262/340/4 270/349/4 
f 270/349/4 271/350/89 259/337/4 
f 260/338/90 259/337/4 271/350/89 
f 271/350/89 269/348/91 260/338/90 
s 2
f 272/335/92 273/338/92 274/337/93 
f 274/337/93 275/336/93 272/335/92 
f 275/336/93 274/337/93 276/340/94 
f 276/340/94 277/339/94 275/336/93 
f 277/339/94 276/340/94 278/342/95 
f 278/342/95 279/341/95 277/339/94 
f 279/341/95 278/342/95 280/344/13 
f 280/344/13 281/343/13 279/341/95 
s 1
f 281/345/5 280/344/5 267/346/5 
s 4
f 278/342/96 268/347/88 267/346/87 
f 267/346/87 280/344/97 278/342/96 
s 2
f 269/348/26 273/338/92 272/335/92 
s 4
f 276/340/4 270/349/4 268/347/88 
f 268/347/88 278/342/96 276/340/4 
f 274/337/4 271/350/89 270/349/4 
f 270/349/4 276/340/4 274/337/4 
f 273/338/98 269/348/91 271/350/89 
f 271/350/89 274/337/4 273/338/98 
s 2
f 66/351/35 47/352/35 95/353/35 
f 95/353/35 99/354/35 66/351/35 
f 87/355/3 23/356/3 90/357/3 
f 90/357/3 18/21/3 87/355/3 
s 4
f 43/140/13 91/143/13 282/358/13 
f 282/358/13 92/359/13 43/140/13 
s 2
f 28/116/13 27/23/13 283/22/13 
f 283/22/13 78/117/13 28/116/13 
s 8
f 38/173/57 46/172/56 102/360/99 
f 102/360/99 100/361/100 38/173/57 
f 94/362/3 6/363/3 89/364/3 
f 89/364/3 107/365/3 94/362/3 
f 5/366/3 51/367/3 97/368/3 
f 97/368/3 88/369/3 5/366/3 
s 2
f 17/20/3 71/90/3 18/21/3 
f 18/21/3 72/91/3 87/355/3 
f 186/295/73 194/298/62 284/370/73 
f 284/370/73 189/371/73 186/295/73 
s 4
f 194/307/3 197/308/3 285/305/3 
f 285/305/3 284/306/3 194/307/3 
s 2
f 285/372/26 197/304/26 200/310/75 
f 200/310/75 286/373/101 285/372/26 
f 286/374/101 200/314/75 202/313/77 
s 1
f 287/1/17 288/4/17 289/3/17 
f 289/3/17 290/2/17 287/1/17 
f 291/5/2 292/8/2 293/7/2 
f 293/7/2 294/6/2 291/5/2 
f 289/9/17 295/12/17 296/11/17 
f 296/11/17 297/10/17 289/9/17 
f 289/3/17 297/15/17 298/14/17 
f 298/14/17 299/13/102 289/3/17 
s 2
f 288/16/3 300/19/3 301/18/3 
f 301/18/3 302/17/3 288/16/3 
f 303/20/3 304/23/3 19/22/3 
f 19/22/3 18/375/3 303/20/3 
s 1
f 288/4/17 305/25/17 306/18/8 
f 306/18/8 300/24/8 288/4/17 
f 307/26/103 308/29/51 309/28/51 
f 309/28/51 310/27/103 307/26/103 
f 303/30/9 311/31/9 312/29/8 
f 312/29/8 304/28/8 303/30/9 
f 301/32/4 313/35/4 314/34/7 
f 314/34/7 302/33/7 301/32/4 
s 2
f 290/29/10 315/38/10 316/37/11 
f 316/37/11 287/36/11 290/29/10 
f 305/39/12 317/40/12 318/29/13 
f 318/29/13 306/38/13 305/39/12 
f 298/29/14 319/38/14 320/39/15 
f 320/39/15 299/40/15 298/29/14 
s 1
f 321/41/3 322/44/3 323/43/3 
f 323/43/3 324/42/3 321/41/3 
s 4
f 315/45/104 321/48/4 325/47/1 
f 325/47/1 316/46/1 315/45/104 
s 2
f 313/49/105 326/52/19 325/51/106 
f 325/51/106 314/50/107 313/49/105 
s 4
f 317/53/4 325/47/1 326/55/108 
f 326/55/108 318/54/108 317/53/4 
s 2
f 295/56/109 327/59/110 328/58/23 
f 328/58/23 329/57/23 295/56/109 
f 309/60/111 325/51/106 330/62/19 
f 330/62/19 310/61/19 309/60/111 
s 1
f 328/63/13 327/66/13 331/65/13 
f 331/65/13 332/64/13 328/63/13 
s 2
f 333/67/26 334/70/28 335/69/27 
f 335/69/27 336/68/26 333/67/26 
f 337/71/29 333/67/26 336/68/26 
f 336/68/26 338/72/30 337/71/29 
s 4
f 339/73/112 340/75/17 341/74/113 
s 2
f 289/76/114 340/75/34 327/73/110 
f 327/73/110 295/77/109 289/76/114 
s 1
f 327/66/13 342/78/13 331/65/13 
s 2
f 343/79/35 342/78/35 344/80/36 
f 344/80/36 337/71/29 343/79/35 
f 337/71/29 344/80/36 345/81/26 
f 345/81/26 333/67/26 337/71/29 
f 333/67/26 345/81/26 346/82/37 
f 346/82/37 334/70/28 333/67/26 
f 334/80/28 346/71/37 347/79/2 
f 347/79/2 348/78/2 334/80/28 
s 8
f 288/75/38 341/76/38 340/77/38 
f 340/77/38 289/73/38 288/75/38 
s 4
f 292/79/4 334/65/4 348/83/4 
f 348/83/4 293/71/4 292/79/4 
s 8
f 293/84/14 348/79/3 347/78/3 
f 347/78/3 339/66/14 293/84/14 
s 4
f 339/73/112 347/78/8 346/80/8 
f 346/80/8 340/75/17 339/73/112 
f 340/75/17 346/80/8 345/81/8 
f 340/75/17 345/81/8 344/80/17 
f 340/75/17 344/80/17 342/78/17 
f 342/78/17 327/73/8 340/75/17 
s 1
f 342/78/13 343/79/13 331/65/13 
s 4
f 331/65/4 343/79/4 337/71/4 
f 337/71/4 349/83/4 331/65/4 
s 1
f 350/85/13 349/83/13 337/71/13 
f 337/71/13 338/72/13 350/85/13 
f 351/86/17 289/3/17 352/87/17 
s 2
f 353/88/3 288/16/3 354/89/3 
f 355/90/3 18/376/3 356/91/3 
s 1
f 357/92/17 288/4/17 358/93/17 
s 2
f 359/94/111 360/95/115 325/51/106 
f 77/96/13 361/99/13 362/98/13 
f 362/98/13 78/97/13 77/96/13 
s 4
f 363/100/116 364/101/117 321/48/4 
f 365/102/1 366/103/1 325/47/1 
s 1
f 354/104/45 360/107/45 359/106/44 
f 359/106/44 353/105/44 354/104/45 
f 356/108/43 362/111/43 361/110/42 
f 361/110/42 355/109/42 356/108/43 
s 2
f 352/112/46 364/115/48 363/114/47 
f 363/114/47 351/113/47 352/112/46 
f 358/114/49 366/113/49 365/112/50 
f 365/112/50 357/115/50 358/114/49 
f 309/60/111 359/94/111 325/51/106 
f 361/99/13 77/96/13 78/117/13 
f 78/117/13 311/116/13 361/99/13 
s 4
f 315/45/104 363/100/116 321/48/4 
f 317/53/4 365/102/1 325/47/1 
s 1
f 289/3/17 351/86/17 290/2/17 
f 289/3/17 299/13/102 352/87/17 
s 2
f 288/16/3 353/88/3 308/118/3 
f 288/16/3 302/17/3 354/89/3 
s 1
f 288/4/17 357/92/17 305/25/17 
f 288/4/17 287/1/17 358/93/17 
s 2
f 360/95/115 314/50/107 325/51/106 
f 367/119/13 86/120/13 78/97/13 
f 78/97/13 362/98/13 367/119/13 
s 4
f 316/46/1 325/47/1 366/103/1 
s 1
f 302/33/7 314/34/7 360/107/45 
f 360/107/45 354/104/45 302/33/7 
f 368/121/6 367/122/6 362/111/43 
f 362/111/43 356/108/43 368/121/6 
s 2
f 299/40/15 320/39/15 364/115/48 
f 364/115/48 352/112/46 299/40/15 
f 287/123/11 316/124/11 366/113/49 
f 366/113/49 358/114/49 287/123/11 
s 1
f 353/105/44 359/106/44 309/126/51 
f 309/126/51 308/125/51 353/105/44 
f 355/109/42 361/110/42 311/128/9 
f 311/128/9 303/127/9 355/109/42 
s 2
f 351/113/47 363/114/47 315/123/10 
f 315/123/10 290/124/10 351/113/47 
f 357/115/50 365/112/50 317/40/12 
f 317/40/12 305/39/12 357/115/50 
s 4
f 321/48/4 364/101/117 320/129/118 
f 319/130/1 322/131/108 320/129/118 
f 320/129/118 322/131/108 321/48/4 
s 2
f 349/83/35 350/133/35 332/132/35 
f 332/132/35 331/65/35 349/83/35 
s 1
f 88/377/2 291/378/2 294/379/2 
f 294/379/2 89/380/2 88/377/2 
s 2
f 308/118/3 307/139/3 369/138/3 
f 369/138/3 288/16/3 308/118/3 
s 4
f 329/140/13 370/143/13 296/142/53 
f 296/142/53 295/141/53 329/140/13 
s 1
f 368/121/6 307/32/103 310/35/103 
f 310/35/103 367/122/6 368/121/6 
s 2
f 92/144/23 329/147/23 328/146/23 
f 328/146/23 93/145/23 92/144/23 
s 8
f 371/63/14 294/148/3 293/84/14 
f 293/84/14 339/66/14 371/63/14 
s 1
f 93/381/13 328/382/13 332/383/13 
f 332/383/13 95/384/13 93/381/13 
s 2
f 96/385/26 336/68/26 335/72/27 
f 335/72/27 97/386/27 96/385/26 
f 98/387/30 338/69/30 336/68/26 
f 336/68/26 96/385/26 98/387/30 
s 8
f 292/159/3 291/162/3 335/161/3 
f 335/161/3 334/160/3 292/159/3 
s 1
f 99/388/13 350/162/13 338/161/13 
f 338/161/13 98/389/13 99/388/13 
f 100/167/3 324/169/3 323/43/3 
f 323/43/3 101/168/3 100/167/3 
s 8
f 321/170/119 324/173/120 330/172/121 
f 330/172/121 325/171/122 321/170/119 
s 2
f 102/174/13 86/120/13 367/119/13 
f 330/175/19 102/174/13 367/119/13 
f 310/176/19 330/175/19 367/119/13 
s 1
f 372/180/3 373/177/3 374/178/3 
f 374/178/3 375/179/3 372/180/3 
f 107/181/58 371/184/58 376/183/58 
f 376/183/58 108/182/58 107/181/58 
s 16
f 369/148/123 376/185/123 377/183/123 
f 377/183/123 288/84/123 369/148/123 
f 288/84/123 377/183/123 341/186/123 
s 4
f 341/74/113 377/187/124 339/73/112 
s 1
f 339/184/58 377/183/58 376/185/58 
f 376/185/58 371/188/58 339/184/58 
f 378/189/3 379/192/3 380/191/3 
f 380/191/3 381/190/3 378/189/3 
s 2
f 382/193/8 381/195/8 380/194/8 
f 383/196/4 379/192/4 378/189/4 
s 1
f 383/197/13 384/197/13 385/198/13 
f 385/198/13 382/198/13 383/197/13 
s 2
f 382/193/8 385/200/8 386/199/8 
f 386/199/8 381/195/8 382/193/8 
s 4
f 381/190/61 386/202/61 387/201/61 
f 387/201/61 378/189/61 381/190/61 
s 2
f 378/189/4 387/204/4 384/203/4 
f 384/203/4 383/196/4 378/189/4 
f 385/205/8 388/208/8 389/207/8 
f 389/207/8 386/206/8 385/205/8 
s 1
f 386/202/3 389/210/3 390/209/3 
f 390/209/3 387/201/3 386/202/3 
s 2
f 387/201/4 390/209/4 391/212/4 
f 391/212/4 384/211/4 387/201/4 
s 1
f 392/213/17 393/216/17 394/215/17 
f 394/215/17 395/214/8 392/213/17 
f 396/217/26 397/220/26 398/219/26 
f 398/219/26 399/218/26 396/217/26 
s 2
f 400/221/3 392/213/3 395/214/3 
f 395/214/3 401/222/3 400/221/3 
s 4
f 401/223/62 395/214/62 394/215/62 
f 394/215/62 402/224/62 401/223/62 
s 2
f 402/225/53 394/215/53 393/216/53 
f 393/216/53 403/226/53 402/225/53 
s 4
f 400/227/63 404/229/63 405/228/125 
f 405/228/125 392/213/126 400/227/63 
f 392/213/126 405/228/125 406/230/127 
f 406/230/127 393/216/128 392/213/126 
f 393/216/128 406/230/127 407/232/68 
f 407/232/68 403/231/68 393/216/128 
s 2
f 407/233/4 396/236/4 399/235/4 
f 399/235/4 404/234/4 407/233/4 
s 8
f 404/237/3 399/218/3 398/219/3 
f 398/219/3 405/238/3 404/237/3 
s 2
f 405/228/8 398/219/8 397/220/8 
f 397/220/8 406/230/8 405/228/8 
s 8
f 406/239/13 397/220/13 396/217/13 
f 396/217/13 407/240/13 406/239/13 
s 1
f 408/390/13 409/391/13 410/392/53 
f 410/392/53 411/393/53 408/390/13 
s 2
f 412/245/26 409/248/26 408/247/26 
f 408/247/26 413/246/26 412/245/26 
s 4
f 413/246/8 408/247/8 411/250/8 
f 411/250/8 414/249/8 413/246/8 
s 2
f 414/249/62 411/250/62 410/252/62 
f 410/252/62 415/251/62 414/249/62 
s 4
f 415/253/1 410/254/1 409/248/1 
f 409/248/1 412/245/1 415/253/1 
s 1
f 416/394/129 417/395/130 418/396/131 
f 418/396/131 419/397/132 416/394/129 
f 419/398/132 418/399/131 420/400/133 
f 420/400/133 421/401/134 419/398/132 
f 421/401/134 420/400/133 422/402/135 
f 422/402/135 423/403/136 421/401/134 
f 423/403/136 422/402/135 424/404/137 
f 424/404/137 425/405/138 423/403/136 
f 425/405/138 424/404/137 426/406/139 
f 426/406/139 427/407/140 425/405/138 
f 427/407/140 426/406/139 428/408/141 
f 428/408/141 429/409/142 427/407/140 
f 429/409/142 428/408/141 430/410/143 
f 430/410/143 431/411/144 429/409/142 
f 431/411/144 430/410/143 417/395/130 
f 417/395/130 416/394/129 431/411/144 
f 417/412/130 432/413/145 433/414/146 
f 433/414/146 418/415/131 417/412/130 
f 418/415/131 433/414/146 434/416/147 
f 434/416/147 420/417/133 418/415/131 
f 420/417/133 434/416/147 435/418/148 
f 435/418/148 422/419/135 420/417/133 
f 422/419/135 435/418/148 436/420/149 
f 436/420/149 424/421/137 422/419/135 
f 424/422/137 436/423/149 437/424/150 
f 437/424/150 426/425/139 424/422/137 
f 426/425/139 437/424/150 438/426/151 
f 438/426/151 428/427/141 426/425/139 
f 428/427/141 438/426/151 439/428/152 
f 439/428/152 430/429/143 428/427/141 
f 430/429/143 439/428/152 432/413/145 
f 432/413/145 417/412/130 430/429/143 
f 432/430/145 440/431/153 441/432/154 
f 441/432/154 433/433/146 432/430/145 
f 433/433/146 441/432/154 442/434/155 
f 442/434/155 434/435/147 433/433/146 
f 434/435/147 442/434/155 443/436/156 
f 443/436/156 435/437/148 434/435/147 
f 435/437/148 443/436/156 444/438/157 
f 444/438/157 436/439/149 435/437/148 
f 436/439/149 444/438/157 445/440/158 
f 445/440/158 437/441/150 436/439/149 
f 437/441/150 445/440/158 446/442/159 
f 446/442/159 438/443/151 437/441/150 
f 438/443/151 446/442/159 447/444/160 
f 447/444/160 439/445/152 438/443/151 
f 439/445/152 447/444/160 440/446/153 
f 440/446/153 432/447/145 439/445/152 
f 440/448/153 448/449/161 449/450/162 
f 449/450/162 441/451/154 440/448/153 
f 441/451/154 449/450/162 450/452/163 
f 450/452/163 442/453/155 441/451/154 
f 442/453/155 450/452/163 451/454/164 
f 451/454/164 443/455/156 442/453/155 
f 443/455/156 451/454/164 452/456/165 
f 452/456/165 444/457/157 443/455/156 
f 444/457/157 452/456/165 453/458/166 
f 453/458/166 445/459/158 444/457/157 
f 445/459/158 453/458/166 454/460/167 
f 454/460/167 446/461/159 445/459/158 
f 446/461/159 454/460/167 455/462/168 
f 455/462/168 447/419/160 446/461/159 
f 447/419/160 455/462/168 448/463/161 
f 448/463/161 440/464/153 447/419/160 
f 448/465/161 456/466/169 457/467/170 
f 457/467/170 449/468/162 448/465/161 
f 449/468/162 457/467/170 458/469/171 
f 458/469/171 450/470/163 449/468/162 
f 450/470/163 458/469/171 459/471/172 
f 459/471/172 451/472/164 450/470/163 
f 451/472/164 459/471/172 460/473/173 
f 460/473/173 452/474/165 451/472/164 
f 452/474/165 460/473/173 461/475/174 
f 461/475/174 453/476/166 452/474/165 
f 453/476/166 461/475/174 462/477/175 
f 462/477/175 454/478/167 453/476/166 
f 454/479/167 462/480/175 463/481/176 
f 463/481/176 455/482/168 454/479/167 
f 455/482/168 463/481/176 456/466/169 
f 456/466/169 448/465/161 455/482/168 
f 456/483/169 464/484/177 465/485/178 
f 465/485/178 457/486/170 456/483/169 
f 457/486/170 465/485/178 466/487/179 
f 466/487/179 458/488/171 457/486/170 
f 458/488/171 466/487/179 467/489/180 
f 467/489/180 459/490/172 458/488/171 
f 459/490/172 467/489/180 468/491/181 
f 468/491/181 460/492/173 459/490/172 
f 460/492/173 468/491/181 469/493/182 
f 469/493/182 461/494/174 460/492/173 
f 461/494/174 469/493/182 470/495/183 
f 470/495/183 462/496/175 461/494/174 
f 462/497/175 470/498/183 471/499/184 
f 471/499/184 463/500/176 462/497/175 
f 463/500/176 471/499/184 464/484/177 
f 464/484/177 456/483/169 463/500/176 
f 464/484/177 472/501/185 473/502/186 
f 473/502/186 465/485/178 464/484/177 
f 465/485/178 473/502/186 474/503/187 
f 474/503/187 466/487/179 465/485/178 
f 466/487/179 474/503/187 475/504/188 
f 475/504/188 467/489/180 466/487/179 
f 467/489/180 475/504/188 476/505/189 
f 476/505/189 468/491/181 467/489/180 
f 468/491/181 476/505/189 477/506/190 
f 477/506/190 469/493/182 468/491/181 
f 469/493/182 477/506/190 478/507/191 
f 478/507/191 470/495/183 469/493/182 
f 470/498/183 478/508/191 479/509/192 
f 479/509/192 471/499/184 470/498/183 
f 471/499/184 479/509/192 472/501/185 
f 472/501/185 464/484/177 471/499/184 
f 472/501/185 480/510/193 481/511/194 
f 481/511/194 473/502/186 472/501/185 
f 473/502/186 481/511/194 482/512/195 
f 482/512/195 474/503/187 473/502/186 
f 474/503/187 482/512/195 483/513/196 
f 483/513/196 475/504/188 474/503/187 
f 475/504/188 483/513/196 484/514/197 
f 484/514/197 476/505/189 475/504/188 
f 476/505/189 484/514/197 485/515/198 
f 485/515/198 477/506/190 476/505/189 
f 477/506/190 485/515/198 486/516/199 
f 486/516/199 478/507/191 477/506/190 
f 478/508/191 486/517/199 487/518/200 
f 487/518/200 479/509/192 478/508/191 
f 479/509/192 487/518/200 480/510/193 
f 480/510/193 472/501/185 479/509/192 
f 480/519/193 488/520/201 481/521/194 
f 481/521/194 488/520/201 482/522/195 
f 482/522/195 488/520/201 483/523/196 
f 483/523/196 488/520/201 484/524/197 
f 484/524/197 488/520/201 485/525/198 
f 485/525/198 488/520/201 486/526/199 
f 486/526/199 488/520/201 487/527/200 
f 487/527/200 488/520/201 480/519/193 
f 489/255/14 490/258/14 491/257/3 
f 491/257/3 492/256/3 489/255/14 
f 492/256/3 491/257/3 493/260/14 
f 493/260/14 494/259/14 492/256/3 
f 494/259/14 493/260/14 495/262/3 
f 495/262/3 496/261/3 494/259/14 
f 496/261/3 495/262/3 490/258/14 
f 490/258/14 489/255/14 496/261/3 
s 2
f 490/258/202 373/177/202 372/180/202 
f 372/180/202 491/257/202 490/258/202 
s 4
f 491/257/203 372/180/203 375/179/203 
f 375/179/203 493/260/203 491/257/203 
s 2
f 493/260/26 375/179/26 374/178/26 
f 374/178/26 495/262/26 493/260/26 
s 4
f 495/262/204 374/178/204 373/177/204 
f 373/177/204 490/258/204 495/262/204 
s 1
f 497/263/26 498/266/26 499/265/26 
f 499/265/26 500/264/26 497/263/26 
s 2
f 492/256/205 501/256/205 502/255/205 
f 502/255/205 489/255/205 492/256/205 
s 4
f 494/259/4 503/259/4 501/256/4 
f 501/256/4 492/256/4 494/259/4 
f 489/255/17 502/255/17 504/261/17 
f 504/261/17 496/261/17 489/255/17 
s 2
f 505/267/13 506/270/13 497/269/13 
f 497/269/13 500/268/13 505/267/13 
f 507/268/3 508/271/3 499/272/3 
f 499/272/3 498/267/3 507/268/3 
f 509/273/13 510/276/13 511/275/13 
f 511/275/13 512/274/13 509/273/13 
s 4
f 513/268/4 514/269/4 515/270/4 
f 515/270/4 516/267/1 513/268/4 
s 1
f 517/265/26 518/266/26 514/263/26 
f 514/263/26 513/264/26 517/265/26 
s 4
f 519/268/8 520/269/8 518/270/8 
f 518/270/8 517/267/8 519/268/8 
s 1
f 515/263/62 520/266/62 519/265/62 
f 519/265/62 516/264/62 515/263/62 
s 4
f 521/281/13 522/284/13 523/283/13 
f 523/283/13 524/282/13 521/281/13 
s 8
f 524/282/8 523/283/8 525/286/8 
f 525/286/8 526/285/8 524/282/8 
f 526/285/8 525/286/8 527/288/8 
f 527/288/8 528/287/8 526/285/8 
f 528/287/8 527/288/8 522/284/8 
f 522/284/8 521/281/8 528/287/8 
s 1
f 525/289/3 523/292/3 190/291/3 
f 190/291/3 189/290/3 525/289/3 
f 522/284/13 527/288/13 192/294/13 
f 192/294/13 191/293/13 522/284/13 
s 2
f 525/295/73 529/298/62 530/297/62 
f 530/297/62 527/296/62 525/295/73 
f 527/296/62 530/297/62 195/300/62 
f 195/300/62 192/299/62 527/296/62 
s 1
f 529/301/8 531/304/8 532/303/8 
f 532/303/8 530/302/8 529/301/8 
s 4
f 195/305/13 530/308/13 532/307/13 
f 532/307/13 198/306/13 195/305/13 
s 2
f 531/304/206 533/310/207 534/309/208 
f 534/309/208 532/303/26 531/304/206 
f 198/311/26 532/303/26 534/309/208 
f 534/309/208 201/312/76 198/311/26 
f 202/313/77 203/316/78 534/315/208 
f 534/315/208 533/314/207 202/313/77 
f 534/315/208 203/316/78 201/317/76 
s 1
f 535/318/2 536/321/2 206/320/2 
f 206/320/2 205/319/2 535/318/2 
s 2
f 537/322/4 536/321/4 535/318/4 
f 535/318/4 538/323/4 537/322/4 
s 4
f 538/324/79 535/318/79 205/319/79 
f 205/319/79 210/325/79 538/324/79 
f 211/326/80 206/320/80 536/321/80 
f 536/321/80 537/327/80 211/326/80 
s 1
f 539/265/26 540/267/26 526/272/26 
f 526/272/26 528/328/26 539/265/26 
f 500/263/26 499/266/26 540/265/26 
f 540/265/26 539/264/26 500/263/26 
f 541/265/26 542/264/26 543/263/26 
f 543/263/26 544/266/26 541/265/26 
f 498/265/26 497/264/26 542/263/26 
f 542/263/26 541/266/26 498/265/26 
s 2
f 521/267/13 545/270/13 539/269/13 
f 539/269/13 528/268/13 521/267/13 
f 545/270/13 505/267/13 500/268/13 
f 500/268/13 539/269/13 545/270/13 
f 543/269/13 542/268/13 546/267/13 
f 546/267/13 547/270/13 543/269/13 
f 542/268/13 497/269/13 506/270/13 
f 506/270/13 546/267/13 542/268/13 
f 548/330/3 549/275/3 541/276/3 
f 541/276/3 544/329/3 548/330/3 
f 549/271/3 507/268/3 498/267/3 
f 498/267/3 541/272/3 549/271/3 
f 526/272/3 540/267/3 550/268/3 
f 550/268/3 524/271/3 526/272/3 
f 540/267/3 499/272/3 508/271/3 
f 508/271/3 550/268/3 540/267/3 
s 4
f 512/269/1 513/268/4 516/267/1 
f 516/267/1 509/270/1 512/269/1 
f 547/267/4 515/270/4 514/269/4 
f 514/269/4 543/268/4 547/267/4 
s 1
f 511/267/26 517/272/26 513/265/26 
f 513/265/26 512/328/26 511/267/26 
f 543/263/26 514/264/26 518/265/26 
f 518/265/26 544/266/26 543/263/26 
s 4
f 510/269/8 519/268/8 517/267/8 
f 517/267/8 511/270/8 510/269/8 
f 544/267/8 518/270/8 520/269/8 
f 520/269/8 548/268/8 544/267/8 
s 1
f 516/265/62 519/272/62 510/267/62 
f 510/267/62 509/328/62 516/265/62 
f 520/265/62 515/264/62 547/263/62 
f 547/263/62 548/266/62 520/265/62 
f 551/335/81 552/338/81 553/337/82 
f 553/337/82 554/336/82 551/335/81 
f 554/336/82 553/337/82 555/340/83 
f 555/340/83 556/339/83 554/336/82 
f 556/339/83 555/340/83 557/342/209 
f 557/342/209 558/341/209 556/339/83 
f 558/341/209 557/342/209 559/344/3 
f 559/344/3 560/343/3 558/341/209 
s 2
f 560/345/62 559/344/62 561/346/62 
s 4
f 557/342/210 562/347/211 561/346/212 
f 561/346/212 559/344/213 557/342/210 
s 1
f 563/348/26 552/338/81 551/335/81 
s 4
f 555/340/8 564/349/8 562/347/211 
f 562/347/211 557/342/210 555/340/8 
f 553/337/8 565/350/214 564/349/8 
f 564/349/8 555/340/8 553/337/8 
f 552/338/215 563/348/216 565/350/214 
f 565/350/214 553/337/8 552/338/215 
s 2
f 566/335/92 567/336/93 568/337/93 
f 568/337/93 569/338/92 566/335/92 
f 567/336/93 570/339/94 571/340/94 
f 571/340/94 568/337/93 567/336/93 
f 570/339/94 572/341/95 573/342/95 
f 573/342/95 571/340/94 570/339/94 
f 572/341/95 574/343/53 575/344/53 
f 575/344/53 573/342/95 572/341/95 
s 1
f 574/345/103 561/346/103 575/344/103 
s 4
f 573/342/217 575/344/218 561/346/212 
f 561/346/212 562/347/211 573/342/217 
s 2
f 563/348/26 566/335/92 569/338/92 
s 4
f 571/340/8 573/342/217 562/347/211 
f 562/347/211 564/349/8 571/340/8 
f 568/337/8 571/340/8 564/349/8 
f 564/349/8 565/350/214 568/337/8 
f 569/338/219 568/337/8 565/350/214 
f 565/350/214 563/348/216 569/338/219 
s 1
f 576/335/81 577/338/81 578/337/82 
f 578/337/82 579/336/82 576/335/81 
f 579/336/82 578/337/82 580/340/83 
f 580/340/83 581/339/83 579/336/82 
f 581/339/83 580/340/83 582/342/84 
f 582/342/84 583/341/84 581/339/83 
f 583/341/84 582/342/84 584/344/3 
f 584/344/3 585/343/3 583/341/84 
s 2
f 585/345/62 584/344/62 586/346/62 
s 4
f 582/342/210 587/347/211 586/346/212 
f 586/346/212 584/344/213 582/342/210 
s 1
f 588/348/26 577/338/81 576/335/81 
s 4
f 580/340/8 589/349/8 587/347/211 
f 587/347/211 582/342/210 580/340/8 
f 578/337/8 590/350/214 589/349/8 
f 589/349/8 580/340/8 578/337/8 
f 577/338/215 588/348/216 590/350/214 
f 590/350/214 578/337/8 577/338/215 
s 2
f 591/335/92 592/336/93 593/337/93 
f 593/337/93 594/338/92 591/335/92 
f 592/336/93 595/339/94 596/340/94 
f 596/340/94 593/337/93 592/336/93 
f 595/339/94 597/341/95 598/342/95 
f 598/342/95 596/340/94 595/339/94 
f 597/341/95 599/343/13 600/344/13 
f 600/344/13 598/342/95 597/341/95 
s 1
f 599/345/103 586/346/103 600/344/103 
s 4
f 598/342/217 600/344/218 586/346/212 
f 586/346/212 587/347/211 598/342/217 
s 2
f 588/348/26 591/335/92 594/338/92 
s 4
f 596/340/8 598/342/217 587/347/211 
f 587/347/211 589/349/8 596/340/8 
f 593/337/8 596/340/8 589/349/8 
f 589/349/8 590/350/214 593/337/8 
f 594/338/219 593/337/8 590/350/214 
f 590/350/214 588/348/216 594/338/219 
s 2
f 350/528/35 99/529/35 95/530/35 
f 95/530/35 332/531/35 350/528/35 
f 369/357/3 307/356/3 368/355/3 
f 368/355/3 18/376/3 369/357/3 
s 4
f 329/140/13 92/359/13 282/358/13 
f 282/358/13 370/143/13 329/140/13 
s 2
f 311/116/13 78/117/13 283/22/13 
f 283/22/13 312/23/13 311/116/13 
s 8
f 324/173/120 100/361/100 102/360/99 
f 102/360/99 330/172/121 324/173/120 
f 371/362/14 107/365/3 89/364/3 
f 89/364/3 294/363/3 371/362/14 
f 291/366/3 88/369/3 97/368/3 
f 97/368/3 335/367/3 291/366/3 
s 2
f 18/375/3 355/90/3 303/20/3 
f 18/376/3 368/355/3 356/91/3 
f 525/295/73 189/371/73 284/370/73 
f 284/370/73 529/298/62 525/295/73 
s 4
f 529/307/3 284/306/3 285/305/3 
f 285/305/3 531/308/3 529/307/3 
s 2
f 285/372/26 286/373/101 533/310/207 
f 533/310/207 531/304/206 285/372/26 
f 286/374/101 202/313/77 533/314/207 
s 1
f 601/318/2 602/319/2 603/320/2 
f 603/320/2 604/321/2 601/318/2 
s 2
f 605/322/8 606/323/8 601/318/8 
f 601/318/8 604/321/8 605/322/8 
s 4
f 606/324/79 607/325/79 602/319/79 
f 602/319/79 601/318/79 606/324/79 
f 608/326/80 605/327/80 604/321/80 
f 604/321/80 603/320/80 608/326/80 
s 1
f 609/318/2 610/321/2 603/320/2 
f 603/320/2 602/319/2 609/318/2 
s 2
f 611/322/1 610/321/1 609/318/1 
f 609/318/1 612/323/1 611/322/1 
s 4
f 612/324/79 609/318/79 602/319/79 
f 602/319/79 607/325/79 612/324/79 
f 608/326/80 603/320/80 610/321/80 
f 610/321/80 611/327/80 608/326/80 
s 1
f 613/318/220 614/321/220 615/320/220 
f 615/320/220 616/319/220 613/318/220 
s 2
f 617/322/221 614/321/221 613/318/221 
f 613/318/221 618/323/221 617/322/221 
s 4
f 618/324/222 613/318/222 616/319/222 
f 616/319/222 619/325/222 618/324/222 
f 620/326/223 615/320/223 614/321/223 
f 614/321/223 617/327/223 620/326/223 
s 1
f 621/318/220 616/319/220 615/320/220 
f 615/320/220 622/321/220 621/318/220 
s 2
f 623/322/224 624/323/224 621/318/224 
f 621/318/224 622/321/224 623/322/224 
s 4
f 624/324/222 619/325/222 616/319/222 
f 616/319/222 621/318/222 624/324/222 
f 620/326/223 623/327/223 622/321/223 
f 622/321/223 615/320/223 620/326/223 
s 1
f 625/318/225 626/321/225 627/320/225 
f 627/320/225 628/319/225 625/318/225 
s 2
f 629/322/221 626/321/221 625/318/221 
f 625/318/221 630/323/221 629/322/221 
s 4
f 630/324/226 625/318/226 628/319/226 
f 628/319/226 631/325/226 630/324/226 
f 632/326/227 627/320/227 626/321/227 
f 626/321/227 629/327/227 632/326/227 
s 1
f 633/318/225 628/319/225 627/320/225 
f 627/320/225 634/321/225 633/318/225 
s 2
f 635/322/224 636/323/224 633/318/224 
f 633/318/224 634/321/224 635/322/224 
s 4
f 636/324/226 631/325/226 628/319/226 
f 628/319/226 633/318/226 636/324/226 
f 632/326/227 635/327/228 634/321/228 
f 634/321/228 627/320/227 632/326/227 
s 1
f 637/318/220 638/321/220 639/320/220 
f 639/320/220 640/319/220 637/318/220 
s 2
f 641/322/221 638/321/221 637/318/221 
f 637/318/221 642/323/221 641/322/221 
s 4
f 642/324/222 637/318/222 640/319/222 
f 640/319/222 643/325/222 642/324/222 
f 644/326/223 639/320/223 638/321/223 
f 638/321/223 641/327/223 644/326/223 
s 1
f 645/318/220 640/319/220 639/320/220 
f 639/320/220 646/321/220 645/318/220 
s 2
f 647/322/224 648/323/224 645/318/224 
f 645/318/224 646/321/224 647/322/224 
s 4
f 648/324/222 643/325/222 640/319/222 
f 640/319/222 645/318/222 648/324/222 
f 644/326/223 647/327/223 646/321/223 
f 646/321/223 639/320/223 644/326/223 
s 1
f 649/177/13 650/180/13 651/179/13 
f 651/179/13 652/178/13 649/177/13 
f 653/255/13 654/258/13 655/257/13 
f 655/257/13 656/256/13 653/255/13 
f 656/256/13 655/257/13 657/260/13 
f 657/260/13 658/259/13 656/256/13 
f 658/259/13 657/260/13 659/262/13 
f 659/262/13 660/261/13 658/259/13 
f 660/261/13 659/262/13 654/258/13 
f 654/258/13 653/255/13 660/261/13 
s 2
f 654/258/69 650/180/69 649/177/69 
f 649/177/69 655/257/69 654/258/69 
s 4
f 655/257/229 649/177/229 652/178/229 
f 652/178/229 657/260/229 655/257/229 
s 2
f 657/260/230 652/178/230 651/179/230 
f 651/179/230 659/262/230 657/260/230 
s 4
f 659/262/231 651/179/231 650/180/231 
f 650/180/231 654/258/231 659/262/231 
s 2
f 656/256/72 661/256/72 662/255/72 
f 662/255/72 653/255/72 656/256/72 
s 4
f 658/259/8 663/259/8 661/256/8 
f 661/256/8 656/256/8 658/259/8 
f 653/255/1 662/255/1 664/261/1 
f 664/261/1 660/261/1 653/255/1 
s 1
f 665/394/232 666/395/233 667/396/234 
f 667/396/234 668/397/235 665/394/232 
f 668/398/235 667/399/234 669/400/236 
f 669/400/236 670/401/237 668/398/235 
f 670/401/237 669/400/236 671/402/238 
f 671/402/238 672/403/239 670/401/237 
f 672/403/239 671/402/238 673/404/240 
f 673/404/240 674/405/241 672/403/239 
f 674/405/241 673/404/240 675/406/242 
f 675/406/242 676/407/243 674/405/241 
f 676/407/243 675/406/242 677/408/244 
f 677/408/244 678/409/245 676/407/243 
f 678/409/245 677/408/244 679/410/246 
f 679/410/246 680/411/247 678/409/245 
f 680/411/247 679/410/246 666/395/233 
f 666/395/233 665/394/232 680/411/247 
f 666/412/233 681/413/248 682/414/249 
f 682/414/249 667/415/234 666/412/233 
f 667/415/234 682/414/249 683/416/250 
f 683/416/250 669/417/236 667/415/234 
f 669/417/236 683/416/250 684/418/251 
f 684/418/251 671/419/238 669/417/236 
f 671/419/238 684/418/251 685/420/252 
f 685/420/252 673/421/240 671/419/238 
f 673/422/240 685/423/252 686/424/253 
f 686/424/253 675/425/242 673/422/240 
f 675/425/242 686/424/253 687/426/254 
f 687/426/254 677/427/244 675/425/242 
f 677/427/244 687/426/254 688/428/255 
f 688/428/255 679/429/246 677/427/244 
f 679/429/246 688/428/255 681/413/248 
f 681/413/248 666/412/233 679/429/246 
f 689/394/232 690/395/233 691/396/234 
f 691/396/234 692/397/235 689/394/232 
f 692/398/235 691/399/234 693/400/236 
f 693/400/236 694/401/237 692/398/235 
f 694/401/237 693/400/236 695/402/256 
f 695/402/256 696/403/239 694/401/237 
f 696/403/239 695/402/256 697/404/257 
f 697/404/257 698/405/241 696/403/239 
f 698/405/241 697/404/257 699/406/242 
f 699/406/242 700/407/243 698/405/241 
f 700/407/243 699/406/242 701/408/258 
f 701/408/258 702/409/245 700/407/243 
f 702/409/245 701/408/258 703/410/246 
f 703/410/246 704/411/259 702/409/245 
f 704/411/259 703/410/246 690/395/233 
f 690/395/233 689/394/232 704/411/259 
f 690/412/233 705/413/260 706/414/261 
f 706/414/261 691/415/234 690/412/233 
f 691/415/234 706/414/261 707/416/262 
f 707/416/262 693/417/236 691/415/234 
f 693/417/236 707/416/262 708/418/263 
f 708/418/263 695/419/256 693/417/236 
f 695/419/256 708/418/263 709/420/264 
f 709/420/264 697/421/257 695/419/256 
f 697/422/257 709/423/264 710/424/265 
f 710/424/265 699/425/242 697/422/257 
f 699/425/242 710/424/265 711/426/266 
f 711/426/266 701/427/258 699/425/242 
f 701/427/258 711/426/266 712/428/267 
f 712/428/267 703/429/246 701/427/258 
f 703/429/246 712/428/267 705/413/260 
f 705/413/260 690/412/233 703/429/246 
f 705/430/260 713/431/268 714/432/269 
f 714/432/269 706/433/261 705/430/260 
f 706/433/261 714/432/269 715/434/270 
f 715/434/270 707/435/262 706/433/261 
f 707/435/262 715/434/270 716/436/271 
f 716/436/271 708/437/263 707/435/262 
f 708/437/263 716/436/271 717/438/272 
f 717/438/272 709/439/264 708/437/263 
f 709/439/264 717/438/272 718/440/273 
f 718/440/273 710/441/265 709/439/264 
f 710/441/265 718/440/273 719/442/274 
f 719/442/274 711/443/266 710/441/265 
f 711/443/266 719/442/274 720/444/275 
f 720/444/275 712/445/267 711/443/266 
f 712/445/267 720/444/275 713/446/268 
f 713/446/268 705/447/260 712/445/267 
f 713/448/268 721/449/276 722/450/277 
f 722/450/277 714/451/269 713/448/268 
f 714/451/269 722/450/277 723/452/278 
f 723/452/278 715/453/270 714/451/269 
f 715/453/270 723/452/278 724/454/279 
f 724/454/279 716/455/271 715/453/270 
f 716/455/271 724/454/279 725/456/280 
f 725/456/280 717/457/272 716/455/271 
f 717/457/272 725/456/280 726/458/281 
f 726/458/281 718/459/273 717/457/272 
f 718/459/273 726/458/281 727/460/282 
f 727/460/282 719/461/274 718/459/273 
f 719/461/274 727/460/282 728/462/283 
f 728/462/283 720/419/275 719/461/274 
f 720/419/275 728/462/283 721/463/276 
f 721/463/276 713/464/268 720/419/275 
f 721/465/276 729/466/284 730/467/285 
f 730/467/285 722/468/277 721/465/276 
f 722/468/277 730/467/285 731/469/286 
f 731/469/286 723/470/278 722/468/277 
f 723/470/278 731/469/286 732/471/287 
f 732/471/287 724/472/279 723/470/278 
f 724/472/279 732/471/287 733/473/288 
f 733/473/288 725/474/280 724/472/279 
f 725/474/280 733/473/288 734/475/289 
f 734/475/289 726/476/281 725/474/280 
f 726/476/281 734/475/289 735/477/290 
f 735/477/290 727/478/282 726/476/281 
f 727/479/282 735/480/290 736/481/291 
f 736/481/291 728/482/283 727/479/282 
f 728/482/283 736/481/291 729/466/284 
f 729/466/284 721/465/276 728/482/283 
f 737/213/13 738/214/13 739/215/13 
f 739/215/13 740/216/13 737/213/13 
s 2
f 741/221/8 742/222/8 738/214/8 
f 738/214/8 737/213/8 741/221/8 
s 4
f 742/223/26 743/224/26 739/215/26 
f 739/215/26 738/214/26 742/223/26 
s 2
f 743/225/4 744/226/4 740/216/4 
f 740/216/4 739/215/4 743/225/4 
s 1
f 745/213/8 746/216/8 747/215/8 
f 747/215/8 748/214/8 745/213/8 
s 2
f 749/221/3 745/213/3 748/214/3 
f 748/214/3 750/222/3 749/221/3 
s 4
f 750/223/62 748/214/62 747/215/62 
f 747/215/62 751/224/62 750/223/62 
s 2
f 751/225/53 747/215/13 746/216/53 
f 746/216/53 752/226/53 751/225/53 
s 4
f 745/213/26 749/227/26 752/217/26 
f 752/217/26 746/216/26 745/213/26 
s 1
f 753/213/4 754/214/4 755/215/4 
f 755/215/4 756/216/4 753/213/4 
s 2
f 757/221/3 758/222/3 754/214/3 
f 754/214/3 753/213/3 757/221/3 
s 4
f 758/223/62 759/224/62 755/215/62 
f 755/215/62 754/214/62 758/223/62 
s 2
f 759/225/53 760/226/53 756/216/53 
f 756/216/53 755/215/13 759/225/53 
s 4
f 753/213/26 756/216/26 760/217/26 
f 760/217/26 757/227/26 753/213/26 
s 1
f 761/532/292 762/533/293 763/534/294 
f 763/534/294 764/535/295 761/532/292 
f 764/535/295 763/534/294 765/536/296 
f 765/536/296 766/537/297 764/535/295 
f 766/537/297 765/536/296 767/538/298 
f 767/538/298 768/539/299 766/537/297 
f 768/539/299 767/538/298 769/540/300 
f 769/540/300 770/541/301 768/539/299 
f 770/541/301 769/540/300 771/542/302 
f 771/542/302 772/543/303 770/541/301 
f 772/543/303 771/542/302 773/544/304 
f 773/544/304 774/545/305 772/543/303 
f 774/546/305 773/547/304 775/548/306 
f 775/548/306 776/549/307 774/546/305 
f 776/549/307 775/548/306 762/533/293 
f 762/533/293 761/532/292 776/549/307 
f 762/550/293 777/551/308 778/552/309 
f 778/552/309 763/553/294 762/550/293 
f 763/553/294 778/552/309 779/554/310 
f 779/554/310 765/555/296 763/553/294 
f 765/555/296 779/554/310 780/556/311 
f 780/556/311 767/557/298 765/555/296 
f 767/557/298 780/556/311 781/558/312 
f 781/558/312 769/559/300 767/557/298 
f 769/559/300 781/558/312 782/560/313 
f 782/560/313 771/561/302 769/559/300 
f 771/561/302 782/560/313 783/562/314 
f 783/562/314 773/563/304 771/561/302 
f 773/564/304 783/565/314 784/561/315 
f 784/561/315 775/566/306 773/564/304 
f 775/566/306 784/561/315 777/551/308 
f 777/551/308 762/550/293 775/566/306 
f 777/551/308 785/567/316 786/568/317 
f 786/568/317 778/552/309 777/551/308 
f 778/552/309 786/568/317 787/569/318 
f 787/569/318 779/554/310 778/552/309 
f 779/554/310 787/569/318 788/570/319 
f 788/570/319 780/556/311 779/554/310 
f 780/556/311 788/570/319 789/571/320 
f 789/571/320 781/558/312 780/556/311 
f 781/558/312 789/571/320 790/572/321 
f 790/572/321 782/560/313 781/558/312 
f 782/560/313 790/572/321 791/573/322 
f 791/573/322 783/562/314 782/560/313 
f 783/565/314 791/574/322 792/575/323 
f 792/575/323 784/561/315 783/565/314 
f 784/561/315 792/575/323 785/567/316 
f 785/567/316 777/551/308 784/561/315 
f 785/519/316 790/520/321 786/521/317 
f 786/521/317 790/520/321 787/522/318 
f 787/522/318 790/520/321 788/523/319 
f 788/523/319 790/520/321 789/524/320 
f 791/526/322 790/520/321 792/527/323 
f 792/527/323 790/520/321 785/519/316 
f 793/390/8 794/393/17 795/392/17 
f 795/392/17 796/391/8 793/390/8 
s 2
f 797/245/26 798/246/26 793/247/26 
f 793/247/26 796/248/26 797/245/26 
s 4
f 798/246/13 799/249/13 794/250/13 
f 794/250/13 793/247/13 798/246/13 
s 2
f 799/249/62 800/251/62 795/252/62 
f 795/252/62 794/250/62 799/249/62 
s 4
f 800/253/3 797/245/3 796/248/3 
f 796/248/3 795/254/3 800/253/3 
s 1
f 801/394/324 802/397/325 803/396/326 
f 803/396/326 804/395/327 801/394/324 
f 802/398/325 805/401/328 806/400/329 
f 806/400/329 803/399/326 802/398/325 
f 805/401/328 807/403/330 808/402/331 
f 808/402/331 806/400/329 805/401/328 
f 807/403/330 809/405/332 810/404/333 
f 810/404/333 808/402/331 807/403/330 
f 809/405/332 811/407/334 812/406/335 
f 812/406/335 810/404/333 809/405/332 
f 811/407/334 813/409/336 814/408/337 
f 814/408/337 812/406/335 811/407/334 
f 813/409/336 815/411/338 816/410/339 
f 816/410/339 814/408/337 813/409/336 
f 815/411/338 801/394/324 804/395/327 
f 804/395/327 816/410/339 815/411/338 
f 804/412/327 803/415/326 817/414/340 
f 817/414/340 818/413/341 804/412/327 
f 803/415/326 806/417/329 819/416/342 
f 819/416/342 817/414/340 803/415/326 
f 806/417/329 808/419/331 820/418/343 
f 820/418/343 819/416/342 806/417/329 
f 808/419/331 810/421/333 821/420/344 
f 821/420/344 820/418/343 808/419/331 
f 810/422/333 812/425/335 822/424/345 
f 822/424/345 821/423/344 810/422/333 
f 812/425/335 814/427/337 823/426/346 
f 823/426/346 822/424/345 812/425/335 
f 814/427/337 816/429/339 824/428/347 
f 824/428/347 823/426/346 814/427/337 
f 816/429/339 804/412/327 818/413/341 
f 818/413/341 824/428/347 816/429/339 
f 818/430/341 817/433/340 825/432/348 
f 825/432/348 826/431/349 818/430/341 
f 817/433/340 819/435/342 827/434/350 
f 827/434/350 825/432/348 817/433/340 
f 819/435/342 820/437/343 828/436/351 
f 828/436/351 827/434/350 819/435/342 
f 820/437/343 821/439/344 829/438/352 
f 829/438/352 828/436/351 820/437/343 
f 821/439/344 822/441/345 830/440/353 
f 830/440/353 829/438/352 821/439/344 
f 822/441/345 823/443/346 831/442/354 
f 831/442/354 830/440/353 822/441/345 
f 823/443/346 824/445/347 832/444/355 
f 832/444/355 831/442/354 823/443/346 
f 824/445/347 818/447/341 826/446/349 
f 826/446/349 832/444/355 824/445/347 
f 826/448/349 825/451/348 833/450/356 
f 833/450/356 834/449/357 826/448/349 
f 825/451/348 827/453/350 835/452/358 
f 835/452/358 833/450/356 825/451/348 
f 827/453/350 828/455/351 836/454/359 
f 836/454/359 835/452/358 827/453/350 
f 828/455/351 829/457/352 837/456/360 
f 837/456/360 836/454/359 828/455/351 
f 829/457/352 830/459/353 838/458/361 
f 838/458/361 837/456/360 829/457/352 
f 830/459/353 831/461/354 839/460/362 
f 839/460/362 838/458/361 830/459/353 
f 831/461/354 832/419/355 840/462/363 
f 840/462/363 839/460/362 831/461/354 
f 832/419/355 826/464/349 834/463/357 
f 834/463/357 840/462/363 832/419/355 
f 834/465/357 833/468/356 841/467/364 
f 841/467/364 842/466/365 834/465/357 
f 833/468/356 835/470/358 843/469/366 
f 843/469/366 841/467/364 833/468/356 
f 835/470/358 836/472/359 844/471/367 
f 844/471/367 843/469/366 835/470/358 
f 836/472/359 837/474/360 845/473/368 
f 845/473/368 844/471/367 836/472/359 
f 837/474/360 838/476/361 846/475/369 
f 846/475/369 845/473/368 837/474/360 
f 838/476/361 839/478/362 847/477/370 
f 847/477/370 846/475/369 838/476/361 
f 839/479/362 840/482/363 848/481/371 
f 848/481/371 847/480/370 839/479/362 
f 840/482/363 834/465/357 842/466/365 
f 842/466/365 848/481/371 840/482/363 
f 849/465/372 850/466/373 851/467/374 
f 851/467/374 852/468/375 849/465/372 
f 852/576/375 851/577/374 853/578/376 
f 853/578/376 854/579/377 852/576/375 
f 854/579/377 853/578/376 855/580/378 
f 855/580/378 856/581/379 854/579/377 
f 856/581/379 855/580/378 857/582/380 
f 857/582/380 858/583/381 856/581/379 
f 858/583/381 857/582/380 859/584/382 
f 859/584/382 860/585/383 858/583/381 
f 860/585/383 859/584/382 861/586/384 
f 861/586/384 862/587/385 860/585/383 
f 862/479/385 861/480/384 863/481/386 
f 863/481/386 864/482/387 862/479/385 
f 864/482/387 863/481/386 850/466/373 
f 850/466/373 849/465/372 864/482/387 
f 850/588/373 865/589/388 851/590/374 
f 851/590/374 865/589/388 853/591/376 
f 853/591/376 865/589/388 855/592/378 
f 855/592/378 865/589/388 857/593/380 
f 857/593/380 865/589/388 859/594/382 
f 859/594/382 865/589/388 861/595/384 
f 861/596/384 865/597/388 863/598/386 
f 863/598/386 865/589/388 850/588/373 
# 1392 faces

