# 3ds Max Wavefront OBJ Exporter v0.97b - (c)2007 guruware
# File Created: 26.06.2016 17:45:58

mtllib city_002.mtl

#
# object mesh01
#

v  -650.2600 128.2096 -1458.8199
v  -650.2600 128.2096 -1375.5000
v  -566.9360 128.2096 -1375.5000
v  -566.9360 128.2096 -1458.8199
v  -566.9360 -16.6560 -1458.8199
v  -566.9360 -16.6560 -1375.5000
v  -650.2600 -16.6560 -1375.5000
v  -650.2600 -16.6560 -1458.8199
v  -567.0100 126.7466 -1447.3300
v  -567.0100 126.7466 -1365.2200
v  -484.9020 126.7466 -1365.2200
v  -484.9020 126.7466 -1447.3300
v  -484.9020 -16.0029 -1447.3300
v  -484.9020 -16.0029 -1365.2200
v  -567.0100 -16.0029 -1365.2200
v  -567.0100 -16.0029 -1447.3300
v  -451.3300 94.6356 -1440.2400
v  -489.2020 94.6356 -1367.3900
v  -377.3740 94.6356 -1309.2500
v  -339.5020 94.6356 -1382.1000
v  -339.5020 -21.8120 -1382.1000
v  -377.3740 -21.8120 -1309.2500
v  -489.2020 -21.8120 -1367.3900
v  -451.3300 -21.8120 -1440.2400
v  -297.2810 30.0172 -1255.4000
v  -342.4710 30.0172 -1243.3500
v  -342.4710 -16.7510 -1243.3500
v  -297.2810 -16.7510 -1255.4000
v  -315.6820 -16.7510 -1324.4301
v  -360.8740 -16.7510 -1312.3900
v  -360.8740 30.0172 -1312.3900
v  -315.6820 30.0172 -1324.4301
v  -339.2780 50.7666 -1318.3400
v  -337.3750 50.7666 -1318.8500
v  -318.8750 50.7666 -1249.4399
v  -320.7780 50.7666 -1248.9399
v  -300.8900 50.7666 -1271.6899
v  -301.2580 50.7666 -1273.0699
v  -347.8400 50.7666 -1260.7400
v  -347.4740 50.7666 -1259.3600
v  -343.1720 -16.7510 -1243.6200
v  -351.8950 -16.7510 -1276.5500
v  -305.5580 -16.7510 -1288.8101
v  -296.8350 -16.7510 -1255.8800
v  -296.8350 30.0172 -1255.8800
v  -343.1720 30.0172 -1243.6200
v  -351.8950 30.0172 -1276.5500
v  -305.5580 30.0172 -1288.8101
v  -314.6270 37.9097 -1242.5699
v  -316.6370 37.9097 -1242.2100
v  -310.7210 37.9097 -1209.5300
v  -308.7130 37.9097 -1209.8900
v  -285.8810 -17.2426 -1214.1100
v  -333.5840 -17.2426 -1205.4800
v  -339.4670 -17.2426 -1237.9900
v  -291.7660 -17.2426 -1246.6200
v  -333.5840 20.9603 -1205.4800
v  -339.4670 20.9603 -1237.9900
v  -291.7660 20.9603 -1246.6200
v  -285.8810 20.9603 -1214.1100
v  -286.5330 37.9097 -1221.8300
v  -286.6480 37.9097 -1222.4800
v  -335.8030 37.9097 -1213.6300
v  -335.6870 37.9097 -1212.9700
v  -334.2390 -17.2426 -1205.5699
v  -336.9910 -17.2426 -1221.0800
v  -288.0960 -17.2426 -1229.8900
v  -285.3450 -17.2426 -1214.3800
v  -285.3450 20.9603 -1214.3800
v  -334.2390 20.9603 -1205.5699
v  -336.9910 20.9603 -1221.0800
v  -288.0960 20.9603 -1229.8900
v  -307.8360 37.9097 -1201.8400
v  -309.8740 37.9097 -1201.7400
v  -308.2400 37.9097 -1168.5699
v  -306.2020 37.9097 -1168.6700
v  -283.0160 -17.2426 -1169.9100
v  -331.4340 -17.2426 -1167.5200
v  -333.0610 -17.2426 -1200.5100
v  -284.6410 -17.2426 -1202.9000
v  -331.4340 20.9603 -1167.5200
v  -333.0610 20.9603 -1200.5100
v  -284.6410 20.9603 -1202.9000
v  -283.0160 20.9603 -1169.9100
v  -282.6620 37.9097 -1177.6400
v  -282.6930 37.9097 -1178.3000
v  -332.5800 37.9097 -1175.8800
v  -332.5510 37.9097 -1175.2200
v  -332.0750 -17.2426 -1167.6899
v  -332.7930 -17.2426 -1183.4301
v  -283.1690 -17.2426 -1185.8300
v  -282.4490 -17.2426 -1170.1000
v  -282.4490 20.9603 -1170.1000
v  -332.0750 20.9603 -1167.6899
v  -332.7930 20.9603 -1183.4301
v  -283.1690 20.9603 -1185.8300
v  -659.9660 -16.9898 -1369.5900
v  -659.9660 69.2776 -1369.5900
v  -777.9910 69.2776 -1369.5900
v  -777.9910 -16.9898 -1369.5900
v  -777.9910 -16.9898 -1410.2000
v  -777.9910 69.2776 -1410.2000
v  -659.9660 69.2776 -1410.2000
v  -659.9660 -16.9898 -1410.2000
v  -817.2710 -16.9898 -1484.4301
v  -817.2710 69.2776 -1484.4301
v  -762.1000 69.2776 -1484.4301
v  -762.1000 -16.9898 -1484.4301
v  -762.1000 69.2776 -1397.5699
v  -762.1000 -16.9898 -1397.5699
v  -817.2710 -16.9898 -1397.5699
v  -817.2710 69.2776 -1397.5699
v  -777.8750 -16.9898 -1368.4900
v  -777.8750 69.2776 -1368.4900
v  -817.0950 69.2776 -1397.0601
v  -817.0950 -16.9898 -1397.0601
v  -739.0720 -16.9898 -1397.3600
v  -739.0720 69.2776 -1397.3600
v  -778.2920 69.2776 -1425.9301
v  -778.2920 -16.9898 -1425.9301
v  -810.8970 -16.2246 -1508.4399
v  -810.8970 50.6836 -1508.4399
v  -690.8600 50.6836 -1508.4399
v  -690.8600 -16.2246 -1508.4399
v  -690.8600 -16.2246 -1467.8500
v  -690.8600 50.6836 -1467.8500
v  -810.8970 50.6836 -1467.8500
v  -810.8970 -16.2246 -1467.8500
v  -650.9110 -16.2246 -1393.6700
v  -650.9110 50.6836 -1393.6700
v  -707.0230 50.6836 -1393.6700
v  -707.0230 -16.2246 -1393.6700
v  -707.0220 50.6836 -1480.4700
v  -707.0220 -16.2246 -1480.4700
v  -650.9110 -16.2246 -1480.4700
v  -650.9110 50.6836 -1480.4700
v  -690.9790 -16.2246 -1509.5400
v  -690.9790 50.6836 -1509.5400
v  -651.0900 50.6836 -1480.9900
v  -651.0900 -16.2246 -1480.9900
v  -730.4420 -16.2246 -1480.6801
v  -730.4420 50.6836 -1480.6801
v  -690.5540 50.6836 -1452.1300
v  -690.5540 -16.2246 -1452.1300
v  -747.5910 -19.5744 -1154.7200
v  -747.5910 146.5246 -1154.7200
v  -623.4510 146.5246 -1154.7200
v  -623.4510 -19.5744 -1154.7200
v  -623.4510 -19.5744 -1096.6899
v  -623.4510 146.5246 -1096.6899
v  -747.5910 146.5246 -1096.6899
v  -747.5910 -19.5744 -1096.6899
v  -582.1360 -19.5744 -990.6480
v  -582.1360 146.5246 -990.6480
v  -640.1660 146.5246 -990.6480
v  -640.1660 -19.5744 -990.6480
v  -640.1660 146.5246 -1114.7400
v  -640.1660 -19.5744 -1114.7400
v  -582.1360 -19.5744 -1114.7400
v  -582.1360 146.5246 -1114.7400
v  -623.5730 -19.5744 -1156.2900
v  -623.5730 146.5246 -1156.2900
v  -582.3210 146.5246 -1115.4800
v  -582.3210 -19.5744 -1115.4800
v  -664.3860 -19.5744 -1115.0400
v  -664.3860 146.5246 -1115.0400
v  -623.1340 146.5246 -1074.2300
v  -623.1340 -19.5744 -1074.2300
v  -674.2070 125.2556 -991.6550
v  -674.2070 125.2556 -886.9240
v  -579.9440 125.2556 -886.9240
v  -579.9440 125.2556 -991.6550
v  -579.9440 -17.9601 -991.6550
v  -579.9440 -17.9601 -886.9240
v  -674.2070 -17.9601 -886.9240
v  -674.2070 -17.9601 -991.6550
v  -337.3770 82.3866 -1159.7200
v  -337.3770 82.3866 -947.0110
v  -153.8770 82.3866 -947.0110
v  -153.8770 82.3866 -1159.7200
v  -153.8770 -16.6864 -1159.7200
v  -153.8770 -16.6864 -947.0110
v  -337.3770 -16.6864 -947.0110
v  -337.3770 -16.6864 -1159.7200
v  -930.8940 81.3656 -1152.7100
v  -930.8940 81.3656 -1047.9800
v  -747.3940 81.3656 -1047.9800
v  -747.3940 81.3656 -1152.7100
v  -747.3940 -19.7914 -1152.7100
v  -747.3940 -19.7914 -1047.9800
v  -930.8940 -19.7914 -1047.9800
v  -930.8940 -19.7914 -1152.7100
v  -1070.2300 112.7636 -1166.1400
v  -1082.0699 112.7636 -1062.0800
v  -940.0050 112.7636 -1045.9000
v  -928.1590 112.7636 -1149.9600
v  -928.1590 -20.4658 -1149.9600
v  -940.0050 -20.4658 -1045.9000
v  -1082.0699 -20.4658 -1062.0800
v  -1070.2300 -20.4658 -1166.1400
v  -1155.3000 112.7636 -1274.0100
v  -1235.9600 112.7636 -1207.2100
v  -1144.7600 112.7636 -1097.0800
v  -1064.1000 112.7636 -1163.8800
v  -1064.1000 -20.4658 -1163.8800
v  -1144.7600 -20.4658 -1097.0800
v  -1235.9600 -20.4658 -1207.2100
v  -1155.3000 -20.4658 -1274.0100
v  -1153.7800 144.8566 -1395.0900
v  -1258.5200 144.8566 -1395.0900
v  -1258.5200 144.8566 -1274.9500
v  -1153.7800 144.8566 -1274.9500
v  -1153.7800 -21.1554 -1274.9500
v  -1258.5200 -21.1554 -1274.9500
v  -1258.5200 -21.1554 -1395.0900
v  -1153.7800 -21.1554 -1395.0900
v  -1130.5699 84.5206 -1518.8300
v  -1281.7400 84.5206 -1518.8300
v  -1281.7400 84.5206 -1398.6899
v  -1130.5699 84.5206 -1398.6899
v  -1130.5699 -19.8591 -1398.6899
v  -1281.7400 -19.8591 -1398.6899
v  -1281.7400 -19.8591 -1518.8300
v  -1130.5699 -19.8591 -1518.8300
v  -261.7590 128.2096 -49.5721
v  -261.7590 128.2096 -132.8960
v  -345.0830 128.2096 -132.8960
v  -345.0830 128.2096 -49.5721
v  -345.0830 -16.6560 -49.5721
v  -345.0830 -16.6560 -132.8960
v  -261.7590 -16.6560 -132.8960
v  -261.7590 -16.6560 -49.5721
v  -345.0090 126.7466 -61.0696
v  -345.0090 126.7466 -143.1770
v  -427.1170 126.7466 -143.1770
v  -427.1170 126.7466 -61.0696
v  -427.1170 -16.0029 -61.0696
v  -427.1170 -16.0029 -143.1770
v  -345.0090 -16.0029 -143.1770
v  -345.0090 -16.0029 -61.0696
v  -460.6890 94.6356 -68.1570
v  -422.8170 94.6356 -141.0090
v  -534.6460 94.6356 -199.1430
v  -572.5170 94.6356 -126.2930
v  -572.5170 -21.8120 -126.2930
v  -534.6460 -21.8120 -199.1430
v  -422.8170 -21.8120 -141.0090
v  -460.6890 -21.8120 -68.1570
v  -614.7380 30.0172 -253.0000
v  -569.5480 30.0172 -265.0450
v  -569.5480 -16.7510 -265.0450
v  -614.7380 -16.7510 -253.0000
v  -596.3380 -16.7510 -183.9610
v  -551.1450 -16.7510 -196.0070
v  -551.1450 30.0172 -196.0070
v  -596.3380 30.0172 -183.9610
v  -572.7410 50.7666 -190.0530
v  -574.6440 50.7666 -189.5460
v  -593.1440 50.7666 -258.9520
v  -591.2410 50.7666 -259.4590
v  -611.1300 50.7666 -236.7100
v  -610.7610 50.7666 -235.3230
v  -564.1790 50.7666 -247.6510
v  -564.5460 50.7666 -249.0380
v  -568.8470 -16.7510 -264.7790
v  -560.1250 -16.7510 -231.8450
v  -606.4610 -16.7510 -219.5820
v  -615.1840 -16.7510 -252.5160
v  -615.1840 30.0172 -252.5160
v  -568.8470 30.0172 -264.7790
v  -560.1250 30.0172 -231.8450
v  -606.4610 30.0172 -219.5820
v  -597.3920 37.9097 -265.8240
v  -595.3830 37.9097 -266.1870
v  -601.2980 37.9097 -298.8670
v  -603.3060 37.9097 -298.5030
v  -626.1380 -17.2426 -294.2820
v  -578.4350 -17.2426 -302.9170
v  -572.5520 -17.2426 -270.4100
v  -620.2530 -17.2426 -261.7750
v  -578.4350 20.9603 -302.9170
v  -572.5520 20.9603 -270.4100
v  -620.2530 20.9603 -261.7750
v  -626.1380 20.9603 -294.2820
v  -625.4870 37.9097 -286.5670
v  -625.3710 37.9097 -285.9130
v  -576.2160 37.9097 -294.7710
v  -576.3320 37.9097 -295.4250
v  -577.7800 -17.2426 -302.8300
v  -575.0290 -17.2426 -287.3190
v  -623.9230 -17.2426 -278.5080
v  -626.6740 -17.2426 -294.0190
v  -626.6740 20.9603 -294.0190
v  -577.7800 20.9603 -302.8300
v  -575.0290 20.9603 -287.3190
v  -623.9230 20.9603 -278.5080
v  -604.1830 37.9097 -306.5520
v  -602.1450 37.9097 -306.6520
v  -603.7790 37.9097 -339.8230
v  -605.8170 37.9097 -339.7220
v  -629.0030 -17.2426 -338.4910
v  -580.5850 -17.2426 -340.8770
v  -578.9590 -17.2426 -307.8830
v  -627.3780 -17.2426 -305.4960
v  -580.5850 20.9603 -340.8770
v  -578.9590 20.9603 -307.8830
v  -627.3780 20.9603 -305.4960
v  -629.0030 20.9603 -338.4910
v  -629.3570 37.9097 -330.7570
v  -629.3260 37.9097 -330.0940
v  -579.4390 37.9097 -332.5130
v  -579.4680 37.9097 -333.1760
v  -579.9440 -17.2426 -340.7050
v  -579.2260 -17.2426 -324.9690
v  -628.8500 -17.2426 -322.5650
v  -629.5700 -17.2426 -338.3010
v  -629.5700 20.9603 -338.3010
v  -579.9440 20.9603 -340.7050
v  -579.2260 20.9603 -324.9690
v  -628.8500 20.9603 -322.5650
v  -252.0540 -16.9898 -138.8050
v  -252.0540 69.2776 -138.8050
v  -134.0280 69.2776 -138.8050
v  -134.0280 -16.9898 -138.8050
v  -134.0280 -16.9898 -98.1906
v  -134.0280 69.2776 -98.1906
v  -252.0540 69.2776 -98.1906
v  -252.0540 -16.9898 -98.1906
v  -94.7482 -16.9898 -23.9685
v  -94.7482 69.2776 -23.9685
v  -149.9200 69.2776 -23.9685
v  -149.9200 -16.9898 -23.9685
v  -149.9200 69.2776 -110.8220
v  -149.9200 -16.9898 -110.8220
v  -94.7482 -16.9898 -110.8220
v  -94.7482 69.2776 -110.8220
v  -134.1460 -16.9898 -139.9040
v  -134.1460 69.2776 -139.9040
v  -94.9251 69.2776 -111.3380
v  -94.9251 -16.9898 -111.3380
v  -172.9470 -16.9898 -111.0310
v  -172.9470 69.2776 -111.0310
v  -133.7270 69.2776 -82.4652
v  -133.7270 -16.9898 -82.4652
v  -101.1220 -16.2246 0.0430
v  -101.1220 50.6836 0.0430
v  -221.1600 50.6836 0.0430
v  -221.1600 -16.2246 0.0430
v  -221.1600 -16.2246 -40.5477
v  -221.1600 50.6836 -40.5477
v  -101.1220 50.6836 -40.5477
v  -101.1220 -16.2246 -40.5477
v  -261.1080 -16.2246 -114.7260
v  -261.1080 50.6836 -114.7260
v  -204.9970 50.6836 -114.7260
v  -204.9970 -16.2246 -114.7260
v  -204.9970 50.6836 -27.9237
v  -204.9970 -16.2246 -27.9237
v  -261.1080 -16.2246 -27.9237
v  -261.1080 50.6836 -27.9237
v  -221.0400 -16.2246 1.1405
v  -221.0400 50.6836 1.1405
v  -260.9290 50.6836 -27.4074
v  -260.9290 -16.2246 -27.4074
v  -181.5760 -16.2246 -27.7142
v  -181.5760 50.6836 -27.7142
v  -221.4650 50.6836 -56.2621
v  -221.4650 -16.2246 -56.2621
v  -164.4280 -19.5744 -353.6740
v  -164.4280 146.5246 -353.6740
v  -288.5690 146.5246 -353.6760
v  -288.5690 -19.5744 -353.6760
v  -288.5690 -19.5744 -411.7030
v  -288.5690 146.5246 -411.7030
v  -164.4280 146.5246 -411.7030
v  -164.4280 -19.5744 -411.7030
v  -329.8830 -19.5744 -517.7480
v  -329.8830 146.5246 -517.7480
v  -271.8540 146.5246 -517.7480
v  -271.8540 -19.5744 -517.7480
v  -271.8540 146.5246 -393.6550
v  -271.8540 -19.5744 -393.6550
v  -329.8830 -19.5744 -393.6550
v  -329.8830 146.5246 -393.6550
v  -288.4460 -19.5744 -352.1060
v  -288.4460 146.5246 -352.1060
v  -329.6970 146.5246 -392.9180
v  -329.6970 -19.5744 -392.9180
v  -247.6330 -19.5744 -393.3570
v  -247.6330 146.5246 -393.3570
v  -288.8850 146.5246 -434.1700
v  -288.8850 -19.5744 -434.1700
v  -237.8110 125.2556 -516.7410
v  -237.8110 125.2556 -621.4720
v  -332.0750 125.2556 -621.4720
v  -332.0750 125.2556 -516.7410
v  -332.0750 -17.9601 -516.7410
v  -332.0750 -17.9601 -621.4720
v  -237.8110 -17.9601 -621.4720
v  -237.8110 -17.9601 -516.7410
v  -574.6420 82.3866 -348.6740
v  -574.6420 82.3866 -561.3840
v  -758.1420 82.3866 -561.3840
v  -758.1420 82.3866 -348.6740
v  -758.1420 -16.6864 -348.6740
v  -758.1420 -16.6864 -561.3840
v  -574.6420 -16.6864 -561.3840
v  -574.6420 -16.6864 -348.6740
v  18.8749 81.3656 -355.6870
v  18.8749 81.3656 -460.4190
v  -164.6250 81.3656 -460.4190
v  -164.6250 81.3656 -355.6870
v  -164.6250 -19.7914 -355.6870
v  -164.6250 -19.7914 -460.4190
v  18.8749 -19.7914 -460.4190
v  18.8749 -19.7914 -355.6870
v  158.2080 112.7636 -342.2600
v  170.0540 112.7636 -446.3190
v  27.9860 112.7636 -462.4940
v  16.1400 112.7636 -358.4330
v  16.1400 -20.4658 -358.4330
v  27.9860 -20.4658 -462.4940
v  170.0540 -20.4658 -446.3190
v  158.2080 -20.4658 -342.2600
v  243.2780 112.7636 -234.3880
v  323.9390 112.7636 -301.1890
v  232.7390 112.7636 -411.3140
v  152.0780 112.7636 -344.5110
v  152.0780 -20.4658 -344.5110
v  232.7390 -20.4658 -411.3140
v  323.9390 -20.4658 -301.1890
v  243.2780 -20.4658 -234.3880
v  241.7650 144.8566 -113.3080
v  346.4980 144.8566 -113.3080
v  346.4980 144.8566 -233.4460
v  241.7650 144.8566 -233.4460
v  241.7650 -21.1554 -233.4460
v  346.4980 -21.1554 -233.4460
v  346.4980 -21.1554 -113.3080
v  241.7650 -21.1554 -113.3080
v  218.5460 84.5206 10.4339
v  369.7170 84.5206 10.4339
v  369.7170 84.5206 -109.7060
v  218.5460 84.5206 -109.7060
v  218.5460 -19.8591 -109.7060
v  369.7170 -19.8591 -109.7060
v  369.7170 -19.8591 10.4339
v  218.5460 -19.8591 10.4339
v  -11.8537 128.2096 -1092.5900
v  71.4685 128.2096 -1092.5900
v  71.4685 128.2096 -1175.9200
v  -11.8537 128.2096 -1175.9200
v  -11.8537 -16.6560 -1175.9200
v  71.4685 -16.6560 -1175.9200
v  71.4685 -16.6560 -1092.5900
v  -11.8537 -16.6560 -1092.5900
v  -0.3562 126.7466 -1175.8400
v  81.7512 126.7466 -1175.8400
v  81.7512 126.7466 -1257.9500
v  -0.3562 126.7466 -1257.9500
v  -0.3562 -16.0029 -1257.9500
v  81.7512 -16.0029 -1257.9500
v  81.7512 -16.0029 -1175.8400
v  -0.3562 -16.0029 -1175.8400
v  6.7312 94.6356 -1291.5200
v  79.5813 94.6356 -1253.6500
v  137.7170 94.6356 -1365.4800
v  64.8668 94.6356 -1403.3500
v  64.8668 -21.8120 -1403.3500
v  137.7170 -21.8120 -1365.4800
v  79.5813 -21.8120 -1253.6500
v  6.7312 -21.8120 -1291.5200
v  191.5720 30.0172 -1445.5699
v  203.6190 30.0172 -1400.3800
v  203.6190 -16.7510 -1400.3800
v  191.5720 -16.7510 -1445.5699
v  122.5350 -16.7510 -1427.1700
v  134.5790 -16.7510 -1381.9800
v  134.5790 30.0172 -1381.9800
v  122.5350 30.0172 -1427.1700
v  128.6280 50.7666 -1403.5699
v  128.1200 50.7666 -1405.4800
v  197.5260 50.7666 -1423.9800
v  198.0330 50.7666 -1422.0699
v  175.2840 50.7666 -1441.9600
v  173.8970 50.7666 -1441.5900
v  186.2250 50.7666 -1395.0100
v  187.6120 50.7666 -1395.3800
v  203.3530 -16.7510 -1399.6801
v  170.4190 -16.7510 -1390.9600
v  158.1560 -16.7510 -1437.2900
v  191.0910 -16.7510 -1446.0200
v  191.0910 30.0172 -1446.0200
v  203.3530 30.0172 -1399.6801
v  170.4190 30.0172 -1390.9600
v  158.1560 30.0172 -1437.2900
v  204.3970 37.9097 -1428.2200
v  204.7620 37.9097 -1426.2200
v  237.4400 37.9097 -1432.1300
v  237.0770 37.9097 -1434.1400
v  232.8550 -17.2426 -1456.9700
v  241.4890 -17.2426 -1409.2700
v  208.9840 -17.2426 -1403.3800
v  200.3480 -17.2426 -1451.0900
v  241.4890 20.9603 -1409.2700
v  208.9840 20.9603 -1403.3800
v  200.3480 20.9603 -1451.0900
v  232.8550 20.9603 -1456.9700
v  225.1410 37.9097 -1456.3199
v  224.4870 37.9097 -1456.2000
v  233.3440 37.9097 -1407.0500
v  233.9970 37.9097 -1407.1600
v  241.4020 -17.2426 -1408.6100
v  225.8920 -17.2426 -1405.8600
v  217.0820 -17.2426 -1454.7600
v  232.5930 -17.2426 -1457.5100
v  232.5930 20.9603 -1457.5100
v  241.4020 20.9603 -1408.6100
v  225.8920 20.9603 -1405.8600
v  217.0820 20.9603 -1454.7600
v  245.1250 37.9097 -1435.0200
v  245.2260 37.9097 -1432.9800
v  278.3950 37.9097 -1434.6100
v  278.2960 37.9097 -1436.6500
v  277.0650 -17.2426 -1459.8400
v  279.4510 -17.2426 -1411.4200
v  246.4550 -17.2426 -1409.7900
v  244.0700 -17.2426 -1458.2100
v  279.4510 20.9603 -1411.4200
v  246.4550 20.9603 -1409.7900
v  244.0700 20.9603 -1458.2100
v  277.0650 20.9603 -1459.8400
v  269.3310 37.9097 -1460.1899
v  268.6690 37.9097 -1460.1600
v  271.0860 37.9097 -1410.2700
v  271.7480 37.9097 -1410.3000
v  279.2800 -17.2426 -1410.7800
v  263.5440 -17.2426 -1410.0601
v  261.1370 -17.2426 -1459.6801
v  276.8730 -17.2426 -1460.4000
v  276.8730 20.9603 -1460.4000
v  279.2800 20.9603 -1410.7800
v  263.5440 20.9603 -1410.0601
v  261.1370 20.9603 -1459.6801
v  77.3790 -16.9898 -1082.8900
v  77.3790 69.2776 -1082.8900
v  77.3790 69.2776 -964.8610
v  77.3790 -16.9898 -964.8610
v  36.7648 -16.9898 -964.8610
v  36.7648 69.2776 -964.8610
v  36.7648 69.2776 -1082.8900
v  36.7648 -16.9898 -1082.8900
v  -37.4573 -16.9898 -925.5810
v  -37.4573 69.2776 -925.5810
v  -37.4573 69.2776 -980.7530
v  -37.4573 -16.9898 -980.7530
v  49.3960 69.2776 -980.7520
v  49.3960 -16.9898 -980.7520
v  49.3960 -16.9898 -925.5810
v  49.3960 69.2776 -925.5810
v  78.4783 -16.9898 -964.9770
v  78.4783 69.2776 -964.9770
v  49.9123 69.2776 -925.7580
v  49.9123 -16.9898 -925.7580
v  49.6054 -16.9898 -1003.7800
v  49.6054 69.2776 -1003.7800
v  21.0394 69.2776 -964.5600
v  21.0394 -16.9898 -964.5600
v  -61.4688 -16.2246 -931.9550
v  -61.4688 50.6836 -931.9550
v  -61.4688 50.6836 -1051.9900
v  -61.4688 -16.2246 -1051.9900
v  -20.8781 -16.2246 -1051.9900
v  -20.8781 50.6836 -1051.9900
v  -20.8781 50.6836 -931.9550
v  -20.8781 -16.2246 -931.9550
v  53.3007 -16.2246 -1091.9399
v  53.3007 50.6836 -1091.9399
v  53.3007 50.6836 -1035.8300
v  53.3007 -16.2246 -1035.8300
v  -33.5021 50.6836 -1035.8300
v  -33.5021 -16.2246 -1035.8300
v  -33.5021 -16.2246 -1091.9399
v  -33.5021 50.6836 -1091.9399
v  -62.5664 -16.2246 -1051.8700
v  -62.5664 50.6836 -1051.8700
v  -34.0184 50.6836 -1091.7600
v  -34.0184 -16.2246 -1091.7600
v  -33.7114 -16.2246 -1012.4100
v  -33.7114 50.6836 -1012.4100
v  -5.1636 50.6836 -1052.3000
v  -5.1636 -16.2246 -1052.3000
v  292.2480 -19.5744 -995.2610
v  292.2480 146.5246 -995.2610
v  292.2480 146.5246 -1119.4000
v  292.2480 -19.5744 -1119.4000
v  350.2780 -19.5744 -1119.4000
v  350.2780 146.5246 -1119.4000
v  350.2780 146.5246 -995.2610
v  350.2780 -19.5744 -995.2610
v  456.3230 -19.5744 -1160.7200
v  456.3230 146.5246 -1160.7200
v  456.3230 146.5246 -1102.6899
v  456.3230 -19.5744 -1102.6899
v  332.2290 146.5246 -1102.6899
v  332.2290 -19.5744 -1102.6899
v  332.2290 -19.5744 -1160.7200
v  332.2290 146.5246 -1160.7200
v  290.6800 -19.5744 -1119.2800
v  290.6800 146.5246 -1119.2800
v  331.4920 146.5246 -1160.5300
v  331.4920 -19.5744 -1160.5300
v  331.9310 -19.5744 -1078.4700
v  331.9310 146.5246 -1078.4700
v  372.7440 146.5246 -1119.7200
v  372.7440 -19.5744 -1119.7200
v  455.3150 125.2556 -1068.6400
v  560.0460 125.2556 -1068.6400
v  560.0460 125.2556 -1162.9100
v  455.3150 125.2556 -1162.9100
v  455.3150 -17.9601 -1162.9100
v  560.0460 -17.9601 -1162.9100
v  560.0460 -17.9601 -1068.6400
v  455.3150 -17.9601 -1068.6400
v  287.2480 82.3866 -1405.4800
v  499.9590 82.3866 -1405.4800
v  499.9590 82.3866 -1588.9800
v  287.2480 82.3866 -1588.9800
v  287.2480 -16.6864 -1588.9800
v  499.9590 -16.6864 -1588.9800
v  499.9590 -16.6864 -1405.4800
v  287.2480 -16.6864 -1405.4800
v  294.2610 81.3656 -811.9580
v  398.9920 81.3656 -811.9580
v  398.9920 81.3656 -995.4580
v  294.2610 81.3656 -995.4580
v  294.2610 -19.7914 -995.4580
v  398.9920 -19.7914 -995.4580
v  398.9920 -19.7914 -811.9580
v  294.2610 -19.7914 -811.9580
v  280.8320 112.7636 -672.6250
v  384.8930 112.7636 -660.7790
v  401.0660 112.7636 -802.8470
v  297.0070 112.7636 -814.6930
v  297.0070 -20.4658 -814.6930
v  401.0660 -20.4658 -802.8470
v  384.8930 -20.4658 -660.7790
v  280.8320 -20.4658 -672.6250
v  172.9610 112.7636 -587.5550
v  239.7630 112.7636 -506.8930
v  349.8860 112.7636 -598.0940
v  283.0850 112.7636 -678.7550
v  283.0850 -20.4658 -678.7550
v  349.8860 -20.4658 -598.0940
v  239.7630 -20.4658 -506.8930
v  172.9610 -20.4658 -587.5550
v  51.8818 144.8566 -589.0680
v  51.8818 144.8566 -484.3350
v  172.0200 144.8566 -484.3350
v  172.0200 144.8566 -589.0680
v  172.0200 -21.1554 -589.0680
v  172.0200 -21.1554 -484.3350
v  51.8818 -21.1554 -484.3350
v  51.8818 -21.1554 -589.0680
v  -71.8597 84.5206 -612.2860
v  -71.8597 84.5206 -461.1160
v  48.2804 84.5206 -461.1160
v  48.2804 84.5206 -612.2860
v  48.2804 -19.8591 -612.2860
v  48.2804 -19.8591 -461.1160
v  -71.8597 -19.8591 -461.1160
v  -71.8597 -19.8591 -612.2860
v  -848.5900 -31.9321 -1362.9700
v  -848.5900 -34.2112 -1362.9700
v  -848.9570 -34.2112 -1539.0400
v  -848.9570 -31.9321 -1539.0400
v  -96.2050 -34.2112 -1530.4301
v  -96.2050 -31.9321 -1530.4301
v  -842.2440 -31.9321 -1346.1600
v  -842.2440 -34.2112 -1346.1600
v  -822.1540 -31.9321 -1336.3900
v  -822.1540 -34.2112 -1336.3900
v  -475.8530 -31.9321 -1337.4301
v  -475.8530 -34.2112 -1337.4301
v  -412.1910 -31.9321 -1299.0500
v  -412.1910 -34.2112 -1299.0500
v  -370.2790 -31.9321 -1168.6700
v  -370.2790 -34.2112 -1168.6700
v  -368.9540 -31.9321 -896.4730
v  -368.9540 -34.2112 -896.4730
v  -89.6502 -31.9321 -894.3880
v  -89.6502 -34.2112 -894.3880
v  -853.1200 -34.8950 -1362.1400
v  -853.1200 -16.1394 -1362.1400
v  -853.4990 -16.1394 -1543.6200
v  -853.4990 -34.8950 -1543.6200
v  -91.7190 -16.1394 -1534.9100
v  -91.7190 -34.8950 -1534.9100
v  -845.8480 -34.8950 -1342.8700
v  -845.8480 -16.1394 -1342.8700
v  -823.1910 -34.8950 -1331.8500
v  -823.1910 -16.1394 -1331.8500
v  -477.1060 -34.8950 -1332.8900
v  -477.1060 -16.1394 -1332.8900
v  -415.9860 -34.8950 -1296.0400
v  -415.9860 -16.1394 -1296.0400
v  -374.8080 -34.8950 -1167.9500
v  -374.8080 -16.1394 -1167.9500
v  -373.4650 -34.8950 -891.9750
v  -373.4650 -16.1394 -891.9750
v  -85.0703 -34.8950 -889.8230
v  -85.0703 -16.1394 -889.8230
v  -1097.4100 -32.6159 -1532.0800
v  -1097.4100 -16.8230 -1532.0800
v  -1101.7100 -16.8230 -1265.1500
v  -1101.7100 -32.6159 -1265.1500
v  -1407.3700 -16.8230 -1529.7700
v  -1407.3700 -32.6159 -1529.7700
v  -1033.9800 -16.8230 -1182.1200
v  -1033.9800 -32.6159 -1182.1200
v  -608.8950 -16.8230 -1183.4301
v  -608.8950 -32.6159 -1183.4301
v  -557.1130 -16.8230 -1137.7900
v  -557.1130 -32.6159 -1137.7900
v  -543.5720 -16.8230 -870.1530
v  -543.5720 -32.6159 -870.1530
v  -1229.0500 -16.8230 -872.6790
v  -1229.0500 -32.6159 -872.6790
v  -1410.0500 -16.8230 -1038.3199
v  -1410.0500 -32.6159 -1038.3199
v  -63.4292 -31.9321 -145.4260
v  -63.4292 -34.2112 -145.4260
v  -63.0628 -34.2112 30.6417
v  -63.0628 -31.9321 30.6417
v  -815.8140 -34.2112 22.0343
v  -815.8140 -31.9321 22.0343
v  -69.7746 -31.9321 -162.2380
v  -69.7746 -34.2112 -162.2380
v  -89.8651 -31.9321 -172.0120
v  -89.8651 -34.2112 -172.0120
v  -436.1660 -31.9321 -170.9700
v  -436.1660 -34.2112 -170.9700
v  -499.8280 -31.9321 -209.3480
v  -499.8280 -34.2112 -209.3480
v  -541.7400 -31.9321 -339.7270
v  -541.7400 -34.2112 -339.7270
v  -543.0650 -31.9321 -611.9220
v  -543.0650 -34.2112 -611.9220
v  -822.3690 -31.9321 -614.0070
v  -822.3690 -34.2112 -614.0070
v  -58.8999 -34.8950 -146.2570
v  -58.8999 -16.1394 -146.2570
v  -58.5208 -16.1394 35.2252
v  -58.5208 -34.8950 35.2252
v  -820.3000 -16.1394 26.5149
v  -820.3000 -34.8950 26.5149
v  -66.1714 -34.8950 -165.5260
v  -66.1714 -16.1394 -165.5260
v  -88.8288 -34.8950 -176.5470
v  -88.8288 -16.1394 -176.5470
v  -434.9140 -34.8950 -175.5070
v  -434.9140 -16.1394 -175.5070
v  -496.0330 -34.8950 -212.3520
v  -496.0330 -16.1394 -212.3520
v  -537.2110 -34.8950 -340.4490
v  -537.2110 -16.1394 -340.4490
v  -538.5540 -34.8950 -616.4210
v  -538.5540 -16.1394 -616.4210
v  -826.9490 -34.8950 -618.5720
v  -826.9490 -16.1394 -618.5720
v  185.3860 -32.6159 23.6878
v  185.3860 -16.8230 23.6878
v  189.6930 -16.8230 -243.2450
v  189.6930 -32.6159 -243.2450
v  495.3550 -16.8230 21.3772
v  495.3550 -32.6159 21.3772
v  121.9590 -16.8230 -326.2760
v  121.9590 -32.6159 -326.2760
v  -303.1240 -16.8230 -324.9660
v  -303.1240 -32.6159 -324.9660
v  -354.9060 -16.8230 -370.6060
v  -354.9060 -32.6159 -370.6060
v  -368.4470 -16.8230 -638.2420
v  -368.4470 -32.6159 -638.2420
v  317.0310 -16.8230 -635.7170
v  317.0310 -32.6159 -635.7170
v  498.0270 -16.8230 -470.0790
v  498.0270 -32.6159 -470.0790
v  83.9987 -31.9321 -894.2620
v  83.9987 -34.2112 -894.2620
v  -92.0674 -34.2112 -893.8940
v  -92.0674 -31.9321 -893.8940
v  -83.4601 -34.2112 -1646.6500
v  -83.4601 -31.9321 -1646.6500
v  100.8130 -31.9321 -900.6070
v  100.8130 -34.2112 -900.6070
v  110.5840 -31.9321 -920.6980
v  110.5840 -34.2112 -920.6980
v  109.5450 -31.9321 -1267.0000
v  109.5450 -34.2112 -1267.0000
v  147.9200 -31.9321 -1330.6600
v  147.9200 -34.2112 -1330.6600
v  278.2990 -31.9321 -1372.5699
v  278.2990 -34.2112 -1372.5699
v  550.4960 -31.9321 -1373.9000
v  550.4960 -34.2112 -1373.9000
v  552.5810 -31.9321 -1653.2000
v  552.5810 -34.2112 -1653.2000
v  84.8309 -34.8950 -889.7330
v  84.8309 -16.1394 -889.7330
v  -96.6509 -16.1394 -889.3540
v  -96.6509 -34.8950 -889.3540
v  -87.9407 -16.1394 -1651.1300
v  -87.9407 -34.8950 -1651.1300
v  104.1000 -34.8950 -897.0040
v  104.1000 -16.1394 -897.0040
v  115.1210 -34.8950 -919.6600
v  115.1210 -16.1394 -919.6600
v  114.0810 -34.8950 -1265.7500
v  114.0810 -16.1394 -1265.7500
v  150.9260 -34.8950 -1326.8700
v  150.9260 -16.1394 -1326.8700
v  279.0220 -34.8950 -1368.0400
v  279.0220 -16.1394 -1368.0400
v  554.9950 -34.8950 -1369.3900
v  554.9950 -16.1394 -1369.3900
v  557.1470 -34.8950 -1657.7800
v  557.1470 -16.1394 -1657.7800
v  -85.1137 -32.6159 -645.4470
v  -85.1137 -16.8230 -645.4470
v  181.8190 -16.8230 -641.1400
v  181.8190 -32.6159 -641.1400
v  -82.8031 -16.8230 -335.4780
v  -82.8031 -32.6159 -335.4780
v  264.8500 -16.8230 -708.8740
v  264.8500 -32.6159 -708.8740
v  263.5400 -16.8230 -1133.9600
v  263.5400 -32.6159 -1133.9600
v  309.1780 -16.8230 -1185.7400
v  309.1780 -32.6159 -1185.7400
v  576.8160 -16.8230 -1199.2800
v  576.8160 -32.6159 -1199.2800
v  574.2910 -16.8230 -513.8020
v  574.2910 -32.6159 -513.8020
v  408.6530 -16.8230 -332.8060
v  408.6530 -32.6159 -332.8060
# 846 vertices

vn 0.0000 0.9983 0.0000
vn 0.0000 -0.9983 0.0000
vn 0.0000 0.0000 -0.9983
vn 0.0000 0.0000 0.9983
vn 0.9983 0.0000 0.0000
vn -0.9983 0.0000 0.0000
vn 0.4605 0.0000 -0.8857
vn -0.4605 0.0000 0.8857
vn 0.8858 0.0000 0.4605
vn -0.8858 0.0000 -0.4605
vn 0.2563 -0.0056 0.9648
vn 0.2572 -0.0045 0.9646
vn 0.2572 0.0000 0.9646
vn -0.2570 0.0000 -0.9647
vn -0.2573 -0.0042 -0.9646
vn -0.2570 -0.0046 -0.9646
vn -0.2584 -0.0076 -0.9643
vn -0.2577 -0.0084 -0.9644
vn 0.2537 -0.0133 0.9655
vn 0.2554 -0.0112 0.9650
vn 0.2331 0.9701 -0.0621
vn -0.4661 0.8756 0.1242
vn -0.2330 0.9702 0.0621
vn 0.4661 0.8756 -0.1242
vn -0.6555 0.7324 0.1747
vn 0.6555 0.7324 -0.1747
vn 0.0734 0.9570 0.2774
vn -0.1469 0.8175 -0.5552
vn -0.0734 0.9570 -0.2774
vn 0.1469 0.8176 0.5552
vn 0.2553 0.0000 0.9651
vn 0.2305 0.4329 0.8711
vn 0.2496 0.2163 0.9435
vn -0.2553 0.0000 -0.9651
vn -0.2305 0.4329 -0.8711
vn -0.2496 0.2163 -0.9435
vn 0.9646 0.0000 -0.2571
vn -0.9646 0.0000 0.2571
vn -0.9650 -0.0030 0.2557
vn -0.9650 -0.0031 0.2556
vn -0.9650 0.0000 0.2556
vn 0.9650 0.0000 -0.2556
vn 0.9649 -0.0027 -0.2560
vn 0.9650 -0.0031 -0.2556
vn 0.9646 -0.0048 -0.2572
vn 0.9648 -0.0055 -0.2564
vn -0.9649 -0.0059 0.2559
vn -0.9650 -0.0060 0.2558
vn 0.2022 0.9782 -0.0366
vn -0.4043 0.9112 0.0732
vn -0.2021 0.9782 0.0366
vn 0.4043 0.9112 -0.0732
vn -0.5792 0.8063 0.1048
vn 0.5792 0.8063 -0.1048
vn 0.0629 0.9334 0.3488
vn -0.1256 0.7032 -0.6975
vn -0.0628 0.9334 -0.3488
vn 0.1257 0.7032 0.6976
vn 0.1770 0.0000 0.9825
vn 0.1703 0.2761 0.9450
vn 0.1755 0.1380 0.9739
vn -0.1770 0.0000 -0.9825
vn -0.1702 0.2763 -0.9450
vn -0.1755 0.1382 -0.9739
vn 0.1773 -0.0031 0.9824
vn 0.1777 -0.0025 0.9824
vn 0.1777 0.0000 0.9824
vn -0.1777 0.0000 -0.9824
vn -0.1773 -0.0031 -0.9824
vn -0.1777 -0.0025 -0.9824
vn -0.1760 -0.0075 -0.9826
vn -0.1769 -0.0063 -0.9825
vn 0.1762 -0.0073 0.9826
vn 0.1769 -0.0062 0.9825
vn 0.9823 0.0000 -0.1778
vn -0.9824 0.0000 0.1778
vn -0.9830 -0.0041 0.1740
vn -0.9829 -0.0039 0.1744
vn -0.9830 0.0000 0.1744
vn 0.9830 0.0000 -0.1743
vn 0.9830 -0.0039 -0.1742
vn 0.9830 -0.0039 -0.1743
vn 0.9830 -0.0080 -0.1739
vn 0.9830 -0.0078 -0.1741
vn -0.9832 -0.0085 0.1728
vn -0.9831 -0.0082 0.1736
vn 0.2052 0.9782 -0.0101
vn -0.4104 0.9112 0.0202
vn -0.2052 0.9782 0.0101
vn 0.4104 0.9112 -0.0202
vn -0.5879 0.8063 0.0290
vn 0.5879 0.8063 -0.0290
vn 0.0172 0.9334 0.3541
vn -0.0343 0.7033 -0.7078
vn -0.0172 0.9334 -0.3540
vn 0.0344 0.7032 0.7080
vn 0.0484 0.0000 0.9971
vn 0.0466 0.2762 0.9591
vn 0.0480 0.1381 0.9884
vn -0.0482 0.0000 -0.9971
vn -0.0464 0.2763 -0.9591
vn -0.0478 0.1381 -0.9884
vn 0.0491 -0.0029 0.9971
vn 0.0492 -0.0028 0.9971
vn 0.0492 0.0000 0.9971
vn -0.0492 0.0000 -0.9971
vn -0.0492 -0.0026 -0.9971
vn -0.0492 -0.0025 -0.9971
vn -0.0490 -0.0054 -0.9971
vn -0.0491 -0.0052 -0.9971
vn 0.0489 -0.0060 0.9971
vn 0.0491 -0.0058 0.9971
vn 0.9971 0.0000 -0.0491
vn -0.9971 0.0000 0.0492
vn -0.9973 -0.0041 0.0451
vn -0.9973 -0.0039 0.0455
vn -0.9973 0.0000 0.0455
vn 0.9973 0.0000 -0.0456
vn 0.9972 -0.0037 -0.0460
vn 0.9973 -0.0039 -0.0456
vn 0.9972 -0.0072 -0.0469
vn 0.9972 -0.0075 -0.0463
vn -0.9973 -0.0085 0.0438
vn -0.9973 -0.0081 0.0446
vn -0.5878 0.0000 0.8069
vn 0.5959 0.0000 0.8009
vn -0.5959 0.0000 -0.8009
vn -0.2428 0.0000 -0.9685
vn 0.2331 0.0000 -0.9709
vn 0.5878 0.0000 -0.8069
vn -0.9983 0.0000 -0.0000
vn 0.5810 0.0000 -0.8118
vn -0.5893 0.0000 -0.8058
vn 0.5893 0.0000 0.8058
vn 0.2390 0.0000 0.9694
vn -0.2291 0.0000 0.9718
vn -0.5810 0.0000 0.8118
vn 0.7021 0.0000 -0.7097
vn -0.7097 0.0000 -0.7021
vn 0.7097 0.0000 0.7021
vn -0.7021 0.0000 0.7097
vn 0.1130 0.0000 -0.9919
vn -0.1130 0.0000 0.9919
vn 0.9919 0.0000 0.1129
vn -0.9919 0.0000 -0.1129
vn 0.7689 0.0000 -0.6367
vn -0.7689 0.0000 0.6367
vn 0.6368 0.0000 0.7689
vn -0.6368 0.0000 -0.7689
vn -0.4605 0.0000 0.8858
vn 0.4605 0.0000 -0.8858
vn -0.2571 -0.0046 -0.9646
vn -0.2571 0.0000 -0.9646
vn 0.2571 0.0000 0.9646
vn 0.2571 -0.0046 0.9646
vn 0.2570 -0.0093 0.9646
vn 0.2571 -0.0092 0.9646
vn -0.2570 -0.0092 -0.9646
vn -0.2571 -0.0092 -0.9646
vn 0.2330 0.9702 -0.0621
vn -0.6556 0.7324 0.1747
vn 0.1469 0.8175 0.5552
vn -0.2554 0.0000 -0.9651
vn -0.2497 0.2163 -0.9435
vn 0.2554 0.0000 0.9651
vn 0.2497 0.2163 0.9435
vn 0.9651 -0.0031 -0.2555
vn -0.9650 -0.0029 0.2559
vn -0.9647 -0.0052 0.2566
vn -0.9649 -0.0057 0.2561
vn 0.9651 -0.0063 -0.2554
vn 0.9650 -0.0062 -0.2555
vn -0.2022 0.9782 0.0366
vn 0.2021 0.9782 -0.0366
vn -0.5792 0.8063 0.1049
vn -0.0629 0.9334 -0.3488
vn 0.1257 0.7032 0.6975
vn -0.1257 0.7032 -0.6975
vn -0.1703 0.2762 -0.9450
vn -0.1755 0.1381 -0.9739
vn 0.1703 0.2762 0.9450
vn 0.1755 0.1381 0.9739
vn -0.1779 -0.0025 -0.9823
vn -0.1778 -0.0026 -0.9823
vn -0.1778 0.0000 -0.9823
vn 0.1778 0.0000 0.9823
vn 0.1777 -0.0027 0.9824
vn 0.1778 -0.0026 0.9823
vn 0.1775 -0.0057 0.9824
vn 0.1777 -0.0054 0.9824
vn -0.1781 -0.0048 -0.9823
vn -0.1779 -0.0049 -0.9823
vn -0.9823 0.0000 0.1778
vn 0.9824 0.0000 -0.1778
vn -0.9830 0.0000 0.1743
vn -0.9830 -0.0039 0.1744
vn -0.9830 -0.0039 0.1743
vn -0.9829 -0.0078 0.1744
vn 0.9829 -0.0078 -0.1743
vn 0.0343 0.7032 0.7079
vn 0.0172 0.9334 0.3540
vn -0.0343 0.7032 -0.7079
vn -0.0483 0.0000 -0.9971
vn -0.0465 0.2762 -0.9591
vn -0.0479 0.1381 -0.9884
vn 0.0483 0.0000 0.9971
vn 0.0465 0.2762 0.9591
vn 0.0479 0.1381 0.9884
vn -0.0491 -0.0026 -0.9971
vn -0.0491 0.0000 -0.9971
vn 0.0491 -0.0027 0.9971
vn 0.0492 -0.0026 0.9971
vn 0.0489 -0.0055 0.9971
vn 0.0490 -0.0053 0.9971
vn -0.0494 -0.0048 -0.9971
vn -0.0493 -0.0050 -0.9971
vn -0.9971 0.0000 0.0491
vn 0.9973 -0.0041 -0.0451
vn 0.9973 -0.0039 -0.0455
vn 0.9973 0.0000 -0.0455
vn -0.9973 0.0000 0.0456
vn -0.9972 -0.0038 0.0459
vn -0.9973 -0.0039 0.0456
vn -0.9972 -0.0073 0.0465
vn -0.9972 -0.0076 0.0461
vn 0.9973 -0.0086 -0.0437
vn 0.9973 -0.0082 -0.0446
vn 0.5877 0.0000 -0.8070
vn -0.5960 0.0000 -0.8009
vn 0.5960 0.0000 0.8009
vn 0.2429 0.0000 0.9685
vn -0.2330 0.0000 0.9709
vn -0.5877 0.0000 0.8070
vn 0.5892 0.0000 0.8059
vn -0.5892 0.0000 -0.8059
vn -0.2390 0.0000 -0.9694
vn 0.2291 0.0000 -0.9718
vn -0.0000 0.0000 0.9983
vn -0.1129 0.0000 0.9919
vn 0.1129 0.0000 -0.9919
vn -0.7689 0.0000 0.6368
vn 0.9647 -0.0049 -0.2569
vn 0.9646 -0.0046 -0.2572
vn 0.9646 0.0000 -0.2572
vn -0.9647 -0.0047 0.2570
vn -0.9646 -0.0046 0.2571
vn -0.9647 -0.0097 0.2566
vn -0.9647 -0.0094 0.2568
vn 0.9648 -0.0104 -0.2561
vn 0.9647 -0.0097 -0.2566
vn -0.0621 0.9701 -0.2331
vn 0.1242 0.8756 0.4661
vn 0.0621 0.9701 0.2331
vn -0.1242 0.8756 -0.4661
vn 0.1747 0.7323 0.6556
vn -0.1747 0.7323 -0.6556
vn 0.2774 0.9570 -0.0734
vn -0.5552 0.8175 0.1470
vn -0.2775 0.9570 0.0734
vn 0.5552 0.8175 -0.1469
vn 0.9651 0.0000 -0.2554
vn 0.8711 0.4329 -0.2305
vn 0.9435 0.2163 -0.2497
vn -0.9651 0.0000 0.2554
vn -0.8711 0.4328 0.2306
vn -0.9435 0.2163 0.2497
vn 0.2560 -0.0027 0.9649
vn 0.2555 -0.0031 0.9651
vn 0.2555 0.0000 0.9651
vn -0.2558 0.0000 -0.9650
vn -0.2561 -0.0027 -0.9649
vn -0.2558 -0.0030 -0.9650
vn -0.2572 -0.0048 -0.9646
vn -0.2565 -0.0054 -0.9648
vn 0.2573 -0.0047 0.9646
vn 0.2564 -0.0055 0.9648
vn -0.0366 0.9782 -0.2021
vn 0.0732 0.9112 0.4043
vn 0.0366 0.9782 0.2022
vn -0.0732 0.9112 -0.4042
vn 0.1048 0.8064 0.5792
vn 0.1049 0.8064 0.5790
vn -0.1048 0.8064 -0.5792
vn -0.1048 0.8063 -0.5792
vn 0.3488 0.9334 -0.0628
vn -0.6975 0.7032 0.1257
vn -0.3488 0.9334 0.0629
vn 0.6975 0.7032 -0.1257
vn 0.9825 0.0000 -0.1770
vn 0.9450 0.2762 -0.1702
vn 0.9739 0.1381 -0.1754
vn -0.9825 0.0000 0.1770
vn -0.9450 0.2762 0.1703
vn -0.9739 0.1381 0.1755
vn 0.9824 -0.0027 -0.1777
vn 0.9823 -0.0026 -0.1778
vn -0.9823 -0.0021 0.1782
vn -0.9823 -0.0026 0.1778
vn -0.9821 -0.0031 0.1792
vn -0.9822 -0.0042 0.1785
vn 0.9824 -0.0057 -0.1774
vn 0.9824 -0.0054 -0.1776
vn 0.1780 0.0000 0.9823
vn 0.1721 -0.0049 0.9833
vn 0.1743 -0.0038 0.9830
vn 0.1743 0.0000 0.9830
vn -0.1743 0.0000 -0.9830
vn -0.1758 -0.0031 -0.9827
vn -0.1743 -0.0038 -0.9830
vn -0.1803 -0.0046 -0.9819
vn -0.1773 -0.0061 -0.9824
vn 0.1656 -0.0119 0.9844
vn 0.1700 -0.0097 0.9837
vn -0.0101 0.9782 -0.2052
vn 0.0202 0.9112 0.4104
vn 0.0101 0.9782 0.2052
vn -0.0202 0.9112 -0.4104
vn 0.0290 0.8063 0.5879
vn 0.0290 0.8064 0.5878
vn -0.0290 0.8063 -0.5879
vn -0.0290 0.8064 -0.5878
vn 0.3540 0.9334 -0.0172
vn -0.7079 0.7032 0.0343
vn -0.3540 0.9334 0.0172
vn 0.7079 0.7032 -0.0343
vn 0.9971 0.0000 -0.0484
vn 0.9591 0.2762 -0.0465
vn 0.9884 0.1381 -0.0479
vn -0.9971 0.0000 0.0484
vn -0.9591 0.2762 0.0465
vn -0.9884 0.1381 0.0479
vn 0.9971 -0.0028 -0.0489
vn 0.9971 -0.0025 -0.0491
vn -0.9971 -0.0025 0.0492
vn -0.9971 -0.0026 0.0491
vn -0.9971 -0.0048 0.0494
vn -0.9971 -0.0049 0.0492
vn 0.9971 -0.0062 -0.0484
vn 0.9971 -0.0057 -0.0488
vn -0.0493 0.0000 -0.9971
vn 0.0493 0.0000 0.9971
vn 0.0455 -0.0040 0.9973
vn 0.0456 -0.0040 0.9973
vn 0.0456 0.0000 0.9973
vn -0.0456 0.0000 -0.9973
vn -0.0456 -0.0040 -0.9973
vn -0.0454 -0.0081 -0.9972
vn -0.0455 -0.0080 -0.9972
vn 0.0452 -0.0081 0.9973
vn 0.0454 -0.0080 0.9972
vn 0.8069 0.0000 0.5878
vn 0.8009 0.0000 -0.5960
vn -0.8009 0.0000 0.5960
vn -0.9685 0.0000 0.2429
vn -0.9709 0.0000 -0.2330
vn -0.8070 0.0000 -0.5877
vn -0.8118 0.0000 -0.5810
vn -0.8058 0.0000 0.5893
vn 0.8058 0.0000 -0.5893
vn 0.9694 0.0000 -0.2390
vn 0.9718 0.0000 0.2291
vn 0.8118 0.0000 0.5810
vn -0.6367 0.0000 -0.7689
vn 0.7689 0.0000 -0.6368
vn 0.9918 0.0000 -0.1207
vn 0.9700 0.0000 -0.2394
vn 0.9983 0.0000 -0.0021
vn -0.0114 0.0000 0.9982
vn -0.8918 0.0000 0.4520
vn -0.4538 0.0000 0.8908
vn 0.8206 0.0000 -0.5708
vn 0.6435 0.0000 -0.7649
vn 0.2971 0.0000 -0.9541
vn 0.1470 0.0000 -0.9884
vn 0.1758 0.0000 -0.9838
vn 0.3546 0.0000 -0.9344
vn 0.7009 0.0000 -0.7129
vn 0.8547 0.0000 -0.5186
vn 0.9772 0.0000 -0.2076
vn 0.9934 0.0000 -0.1063
vn 0.8932 0.0000 -0.4492
vn 0.4517 0.0000 -0.8920
vn 0.0075 0.0000 -0.9983
vn -0.9983 0.0000 0.0103
vn -0.9918 0.0000 0.1207
vn -0.9700 0.0000 0.2393
vn -0.9983 0.0000 0.0021
vn 0.0114 0.0000 -0.9982
vn 0.8915 0.0000 -0.4524
vn 0.4533 0.0000 -0.8911
vn -0.8206 0.0000 0.5709
vn -0.6434 0.0000 0.7650
vn -0.2974 0.0000 0.9540
vn -0.1472 0.0000 0.9883
vn -0.1758 0.0000 0.9838
vn -0.3547 0.0000 0.9344
vn -0.7009 0.0000 0.7129
vn -0.8547 0.0000 0.5186
vn -0.9772 0.0000 0.2076
vn -0.9934 0.0000 0.1063
vn -0.8931 0.0000 0.4493
vn -0.4515 0.0000 0.8920
vn -0.0074 0.0000 0.9983
vn 0.9983 0.0000 -0.0103
vn 0.9982 0.0000 0.0161
vn 0.9445 0.0000 -0.3276
vn -0.4516 0.0000 -0.8920
vn -0.0074 0.0000 -0.9983
vn -0.8931 0.0000 -0.4495
vn 0.2801 0.0000 -0.9591
vn 0.5636 0.0000 -0.8250
vn 0.4668 0.0000 -0.8841
vn 0.2319 0.0000 -0.9725
vn 0.9519 0.0000 -0.3049
vn 0.8310 0.0000 -0.5554
vn 0.9970 0.0000 -0.0504
vn -0.0037 0.0000 0.9983
vn -0.2420 0.0000 0.9700
vn -0.4798 0.0000 0.8770
vn -0.9163 0.0000 0.4006
vn 0.0000 0.9989 0.0000
vn 0.0000 0.9985 0.0000
vn 0.0000 -0.9985 0.0000
vn 0.0000 -0.9989 0.0000
vn 0.8918 0.0000 -0.4520
vn 0.4538 0.0000 -0.8908
vn -0.8207 0.0000 0.5707
vn -0.6436 0.0000 0.7648
vn -0.2972 0.0000 0.9540
vn -0.1471 0.0000 0.9884
vn -0.3546 0.0000 0.9344
vn -0.7008 0.0000 0.7129
vn -0.8932 0.0000 0.4492
vn -0.4517 0.0000 0.8920
vn -0.0075 0.0000 0.9983
vn 0.9700 0.0000 -0.2393
vn -0.8915 0.0000 0.4524
vn -0.4533 0.0000 0.8911
vn 0.8206 0.0000 -0.5709
vn 0.6435 0.0000 -0.7650
vn 0.2974 0.0000 -0.9540
vn 0.1472 0.0000 -0.9883
vn 0.7008 0.0000 -0.7129
vn 0.8931 0.0000 -0.4493
vn 0.4515 0.0000 -0.8921
vn 0.0074 0.0000 -0.9983
vn -0.9982 0.0000 -0.0161
vn -0.9445 0.0000 0.3276
vn 0.4516 0.0000 0.8920
vn 0.0074 0.0000 0.9983
vn 0.8931 0.0000 0.4495
vn -0.2801 0.0000 0.9591
vn -0.5636 0.0000 0.8250
vn -0.4668 0.0000 0.8841
vn -0.2319 0.0000 0.9725
vn -0.9519 0.0000 0.3049
vn -0.8310 0.0000 0.5554
vn -0.9970 0.0000 0.0504
vn 0.0037 0.0000 -0.9983
vn 0.2420 0.0000 -0.9700
vn 0.4798 0.0000 -0.8770
vn 0.9163 0.0000 -0.4006
vn -0.1207 0.0000 -0.9918
vn -0.2393 0.0000 -0.9700
vn -0.0021 0.0000 -0.9983
vn 0.9982 0.0000 0.0114
vn 0.4520 0.0000 0.8918
vn 0.8908 0.0000 0.4538
vn -0.5707 0.0000 -0.8207
vn -0.7649 0.0000 -0.6436
vn -0.9541 0.0000 -0.2972
vn -0.9884 0.0000 -0.1470
vn -0.9838 0.0000 -0.1758
vn -0.9344 0.0000 -0.3546
vn -0.7130 0.0000 -0.7008
vn -0.5186 0.0000 -0.8547
vn -0.2076 0.0000 -0.9772
vn -0.1063 0.0000 -0.9934
vn -0.4492 0.0000 -0.8932
vn -0.8920 0.0000 -0.4517
vn -0.9983 0.0000 -0.0075
vn 0.0103 0.0000 0.9983
vn 0.1207 0.0000 0.9918
vn 0.2393 0.0000 0.9700
vn 0.0021 0.0000 0.9983
vn -0.9982 0.0000 -0.0114
vn -0.4524 0.0000 -0.8915
vn -0.8911 0.0000 -0.4533
vn 0.5709 0.0000 0.8206
vn 0.7650 0.0000 0.6435
vn 0.9540 0.0000 0.2974
vn 0.9883 0.0000 0.1472
vn 0.9838 0.0000 0.1758
vn 0.9344 0.0000 0.3546
vn 0.7129 0.0000 0.7009
vn 0.5186 0.0000 0.8547
vn 0.2076 0.0000 0.9772
vn 0.1063 0.0000 0.9934
vn 0.4493 0.0000 0.8931
vn 0.8921 0.0000 0.4515
vn 0.9983 0.0000 0.0074
vn -0.0103 0.0000 -0.9983
vn 0.0161 0.0000 -0.9982
vn -0.3276 0.0000 -0.9445
vn -0.8920 0.0000 0.4516
vn -0.9983 0.0000 0.0074
vn -0.4495 0.0000 0.8931
vn -0.9591 0.0000 -0.2801
vn -0.8250 0.0000 -0.5636
vn -0.8841 0.0000 -0.4668
vn -0.9725 0.0000 -0.2319
vn -0.3049 0.0000 -0.9519
vn -0.5554 0.0000 -0.8310
vn -0.0504 0.0000 -0.9970
vn 0.9983 0.0000 0.0037
vn 0.9700 0.0000 0.2420
vn 0.8770 0.0000 0.4798
vn 0.4006 0.0000 0.9163
# 518 vertex normals

vt 0.0000 0.1246 0.0000
vt 0.0000 0.0000 0.0000
vt 0.1246 0.0000 0.0000
vt 0.1246 0.1246 0.0000
vt 0.1250 0.0000 0.0000
vt 0.1250 0.1246 0.0000
vt 0.2496 0.1246 0.0000
vt 0.2496 0.0000 0.0000
vt 0.3746 0.1246 0.0000
vt 0.2500 0.1246 0.0000
vt 0.2500 0.0000 0.0000
vt 0.3746 0.0000 0.0000
vt 0.3750 0.1246 0.0000
vt 0.3750 0.0000 0.0000
vt 0.4996 0.0000 0.0000
vt 0.4996 0.1246 0.0000
vt 0.5000 0.0000 0.0000
vt 0.5000 0.1246 0.0000
vt 0.6246 0.1246 0.0000
vt 0.6246 0.0000 0.0000
vt 0.7496 0.1246 0.0000
vt 0.6250 0.1246 0.0000
vt 0.6250 0.0000 0.0000
vt 0.7496 0.0000 0.0000
vt 0.7500 0.1246 0.0000
vt 0.7500 0.0000 0.0000
vt 0.8746 0.0000 0.0000
vt 0.8746 0.1246 0.0000
vt 0.8750 0.0000 0.0000
vt 0.8750 0.1246 0.0000
vt 0.9996 0.1246 0.0000
vt 0.9996 0.0000 0.0000
vt 0.1246 0.2496 0.0000
vt 0.0000 0.2496 0.0000
vt 0.0000 0.1250 0.0000
vt 0.1246 0.1250 0.0000
vt 0.2496 0.2113 0.0000
vt 0.1250 0.2113 0.0000
vt 0.1250 0.1250 0.0000
vt 0.2496 0.1250 0.0000
vt 0.1847 0.2496 0.0000
vt 0.1899 0.2496 0.0000
vt 0.2500 0.1898 0.0000
vt 0.2500 0.1847 0.0000
vt 0.3746 0.1847 0.0000
vt 0.3746 0.1898 0.0000
vt 0.3742 0.2477 0.0000
vt 0.3742 0.1268 0.0000
vt 0.2503 0.1268 0.0000
vt 0.2503 0.2477 0.0000
vt 0.3453 0.2496 0.0000
vt 0.3428 0.2496 0.0000
vt 0.3427 0.1250 0.0000
vt 0.3452 0.1250 0.0000
vt 0.3735 0.1253 0.0000
vt 0.3144 0.1254 0.0000
vt 0.3145 0.2493 0.0000
vt 0.3736 0.2492 0.0000
vt 0.3750 0.1250 0.0000
vt 0.3750 0.2113 0.0000
vt 0.4996 0.2113 0.0000
vt 0.4996 0.1250 0.0000
vt 0.4988 0.2113 0.0000
vt 0.4394 0.2113 0.0000
vt 0.4394 0.1250 0.0000
vt 0.4988 0.1250 0.0000
vt 0.4990 0.1250 0.0000
vt 0.4396 0.1250 0.0000
vt 0.4396 0.2113 0.0000
vt 0.4990 0.2113 0.0000
vt 0.4680 0.2496 0.0000
vt 0.4705 0.2496 0.0000
vt 0.4703 0.2496 0.0000
vt 0.4678 0.2496 0.0000
vt 0.5000 0.1898 0.0000
vt 0.5000 0.1847 0.0000
vt 0.6246 0.1847 0.0000
vt 0.6246 0.1898 0.0000
vt 0.6242 0.2477 0.0000
vt 0.6242 0.1268 0.0000
vt 0.5003 0.1268 0.0000
vt 0.5003 0.2477 0.0000
vt 0.5953 0.2496 0.0000
vt 0.5928 0.2496 0.0000
vt 0.5927 0.1250 0.0000
vt 0.5952 0.1250 0.0000
vt 0.6235 0.1253 0.0000
vt 0.5644 0.1254 0.0000
vt 0.5645 0.2493 0.0000
vt 0.6236 0.2492 0.0000
vt 0.7496 0.2113 0.0000
vt 0.6250 0.2113 0.0000
vt 0.6250 0.1250 0.0000
vt 0.7496 0.1250 0.0000
vt 0.6847 0.2496 0.0000
vt 0.6899 0.2496 0.0000
vt 0.7500 0.1250 0.0000
vt 0.7500 0.2113 0.0000
vt 0.8746 0.2113 0.0000
vt 0.8746 0.1250 0.0000
vt 0.8738 0.2113 0.0000
vt 0.8144 0.2113 0.0000
vt 0.8144 0.1250 0.0000
vt 0.8738 0.1250 0.0000
vt 0.8740 0.1250 0.0000
vt 0.8145 0.1250 0.0000
vt 0.8145 0.2113 0.0000
vt 0.8740 0.2113 0.0000
vt 0.8430 0.2496 0.0000
vt 0.8455 0.2496 0.0000
vt 0.8454 0.2496 0.0000
vt 0.8429 0.2496 0.0000
vt 0.8750 0.1898 0.0000
vt 0.8750 0.1847 0.0000
vt 0.9996 0.1847 0.0000
vt 0.9996 0.1898 0.0000
vt 0.9992 0.2477 0.0000
vt 0.9992 0.1268 0.0000
vt 0.8753 0.1268 0.0000
vt 0.8753 0.2477 0.0000
vt 0.9703 0.2496 0.0000
vt 0.9678 0.2496 0.0000
vt 0.9677 0.1250 0.0000
vt 0.9702 0.1250 0.0000
vt 0.9985 0.1253 0.0000
vt 0.9394 0.1254 0.0000
vt 0.9395 0.2493 0.0000
vt 0.9986 0.2492 0.0000
vt 0.1246 0.3363 0.0000
vt 0.0000 0.3363 0.0000
vt 0.0000 0.2500 0.0000
vt 0.1246 0.2500 0.0000
vt 0.0597 0.3746 0.0000
vt 0.0649 0.3746 0.0000
vt 0.1250 0.2500 0.0000
vt 0.1250 0.3363 0.0000
vt 0.2496 0.3363 0.0000
vt 0.2496 0.2500 0.0000
vt 0.2488 0.3363 0.0000
vt 0.1894 0.3363 0.0000
vt 0.1894 0.2500 0.0000
vt 0.2488 0.2500 0.0000
vt 0.2490 0.2500 0.0000
vt 0.1895 0.2500 0.0000
vt 0.1895 0.3363 0.0000
vt 0.2490 0.3363 0.0000
vt 0.2180 0.3746 0.0000
vt 0.2205 0.3746 0.0000
vt 0.2203 0.3746 0.0000
vt 0.2178 0.3746 0.0000
vt 0.3746 0.2500 0.0000
vt 0.3746 0.3746 0.0000
vt 0.2811 0.3746 0.0000
vt 0.2811 0.2500 0.0000
vt 0.2500 0.2500 0.0000
vt 0.2500 0.3746 0.0000
vt 0.2937 0.3746 0.0000
vt 0.2937 0.2500 0.0000
vt 0.4191 0.2500 0.0000
vt 0.4191 0.3746 0.0000
vt 0.3750 0.3746 0.0000
vt 0.3750 0.2500 0.0000
vt 0.4996 0.2500 0.0000
vt 0.4996 0.3746 0.0000
vt 0.4053 0.3746 0.0000
vt 0.4053 0.2500 0.0000
vt 0.6246 0.2500 0.0000
vt 0.6246 0.3746 0.0000
vt 0.5000 0.3746 0.0000
vt 0.5000 0.2500 0.0000
vt 0.6561 0.2512 0.0000
vt 0.6561 0.2948 0.0000
vt 0.7496 0.2948 0.0000
vt 0.7496 0.2512 0.0000
vt 0.6869 0.2810 0.0000
vt 0.6562 0.2500 0.0000
vt 0.6251 0.2807 0.0000
vt 0.6559 0.3117 0.0000
vt 0.6687 0.2813 0.0000
vt 0.6250 0.2813 0.0000
vt 0.6250 0.3746 0.0000
vt 0.6687 0.3746 0.0000
vt 0.8746 0.2500 0.0000
vt 0.8746 0.3746 0.0000
vt 0.7811 0.3746 0.0000
vt 0.7811 0.2500 0.0000
vt 0.7500 0.2500 0.0000
vt 0.7500 0.3746 0.0000
vt 0.7937 0.3746 0.0000
vt 0.7937 0.2500 0.0000
vt 0.9191 0.2500 0.0000
vt 0.9191 0.3746 0.0000
vt 0.8750 0.3746 0.0000
vt 0.8750 0.2500 0.0000
vt 0.9996 0.2500 0.0000
vt 0.9996 0.3746 0.0000
vt 0.9054 0.3746 0.0000
vt 0.9054 0.2500 0.0000
vt 0.1246 0.3750 0.0000
vt 0.1246 0.4996 0.0000
vt 0.0000 0.4996 0.0000
vt 0.0000 0.3750 0.0000
vt 0.1561 0.3762 0.0000
vt 0.1561 0.4198 0.0000
vt 0.2496 0.4198 0.0000
vt 0.2496 0.3762 0.0000
vt 0.1869 0.4060 0.0000
vt 0.1562 0.3750 0.0000
vt 0.1251 0.4057 0.0000
vt 0.1559 0.4367 0.0000
vt 0.1687 0.4063 0.0000
vt 0.1250 0.4063 0.0000
vt 0.1250 0.4996 0.0000
vt 0.1687 0.4996 0.0000
vt 0.3746 0.3750 0.0000
vt 0.3746 0.4996 0.0000
vt 0.2811 0.4996 0.0000
vt 0.2811 0.3750 0.0000
vt 0.2500 0.3750 0.0000
vt 0.2500 0.4996 0.0000
vt 0.2937 0.4996 0.0000
vt 0.2937 0.3750 0.0000
vt 0.4191 0.3750 0.0000
vt 0.4191 0.4996 0.0000
vt 0.3750 0.4996 0.0000
vt 0.3750 0.3750 0.0000
vt 0.4996 0.3750 0.0000
vt 0.4996 0.4996 0.0000
vt 0.4053 0.4996 0.0000
vt 0.4053 0.3750 0.0000
vt 0.6246 0.3750 0.0000
vt 0.6246 0.4996 0.0000
vt 0.5000 0.4996 0.0000
vt 0.5000 0.3750 0.0000
vt 0.6561 0.3762 0.0000
vt 0.6561 0.4198 0.0000
vt 0.7496 0.4198 0.0000
vt 0.7496 0.3762 0.0000
vt 0.6869 0.4060 0.0000
vt 0.6562 0.3750 0.0000
vt 0.6251 0.4057 0.0000
vt 0.6559 0.4367 0.0000
vt 0.6687 0.4063 0.0000
vt 0.6250 0.4063 0.0000
vt 0.6250 0.4996 0.0000
vt 0.6687 0.4996 0.0000
vt 0.7500 0.4996 0.0000
vt 0.7500 0.3750 0.0000
vt 0.8746 0.3750 0.0000
vt 0.8746 0.4996 0.0000
vt 0.8750 0.3750 0.0000
vt 0.8750 0.4996 0.0000
vt 0.9996 0.4996 0.0000
vt 0.9996 0.3750 0.0000
vt 0.1246 0.6246 0.0000
vt 0.0000 0.6246 0.0000
vt 0.0000 0.5000 0.0000
vt 0.1246 0.5000 0.0000
vt 0.1250 0.6246 0.0000
vt 0.1250 0.5000 0.0000
vt 0.2496 0.5000 0.0000
vt 0.2496 0.6246 0.0000
vt 0.2500 0.5000 0.0000
vt 0.2500 0.6246 0.0000
vt 0.3746 0.6246 0.0000
vt 0.3746 0.5000 0.0000
vt 0.4996 0.6246 0.0000
vt 0.3750 0.6246 0.0000
vt 0.3750 0.5000 0.0000
vt 0.4996 0.5000 0.0000
vt 0.5000 0.6246 0.0000
vt 0.5000 0.5000 0.0000
vt 0.6246 0.5000 0.0000
vt 0.6246 0.6246 0.0000
vt 0.6250 0.5000 0.0000
vt 0.6250 0.6246 0.0000
vt 0.7496 0.6246 0.0000
vt 0.7496 0.5000 0.0000
vt 0.8746 0.6246 0.0000
vt 0.7500 0.6246 0.0000
vt 0.7500 0.5000 0.0000
vt 0.8746 0.5000 0.0000
vt 0.8750 0.6246 0.0000
vt 0.8750 0.5000 0.0000
vt 0.9996 0.5000 0.0000
vt 0.9996 0.6246 0.0000
vt 0.0000 0.6250 0.0000
vt 0.0000 0.7496 0.0000
vt 0.1246 0.7496 0.0000
vt 0.1246 0.6250 0.0000
vt 0.2496 0.7496 0.0000
vt 0.1250 0.7496 0.0000
vt 0.1250 0.6250 0.0000
vt 0.2496 0.6250 0.0000
vt 0.2500 0.7496 0.0000
vt 0.2500 0.6250 0.0000
vt 0.3746 0.6250 0.0000
vt 0.3746 0.7496 0.0000
vt 0.3750 0.6250 0.0000
vt 0.3750 0.7496 0.0000
vt 0.4996 0.7496 0.0000
vt 0.4996 0.6250 0.0000
vt 0.6246 0.7496 0.0000
vt 0.5000 0.7496 0.0000
vt 0.5000 0.6250 0.0000
vt 0.6246 0.6250 0.0000
vt 0.6250 0.7496 0.0000
vt 0.6250 0.6250 0.0000
vt 0.7496 0.6250 0.0000
vt 0.7496 0.7496 0.0000
vt 0.7500 0.6250 0.0000
vt 0.7500 0.7496 0.0000
vt 0.8746 0.7496 0.0000
vt 0.8746 0.6250 0.0000
vt 0.9996 0.7496 0.0000
vt 0.8750 0.7496 0.0000
vt 0.8750 0.6250 0.0000
vt 0.9996 0.6250 0.0000
vt 0.0000 0.8746 0.0000
vt 0.0000 0.7500 0.0000
vt 0.1246 0.7500 0.0000
vt 0.1246 0.8746 0.0000
vt 0.1250 0.7500 0.0000
vt 0.1250 0.8746 0.0000
vt 0.2496 0.8746 0.0000
vt 0.2496 0.7500 0.0000
vt 0.3746 0.8746 0.0000
vt 0.2500 0.8746 0.0000
vt 0.2500 0.7500 0.0000
vt 0.3746 0.7500 0.0000
vt 0.4238 0.2682 0.0000
vt 0.4235 0.0068 0.0000
vt 0.9916 0.0196 0.0000
vt 0.4285 0.2932 0.0000
vt 0.4437 0.3077 0.0000
vt 0.7051 0.3062 0.0000
vt 0.7531 0.3632 0.0000
vt 0.7847 0.5567 0.0000
vt 0.7857 0.9609 0.0000
vt 0.9965 0.9640 0.0000
vt 0.4203 0.2695 0.0000
vt 0.4200 0.0000 0.0000
vt 0.9950 0.0129 0.0000
vt 0.4258 0.2981 0.0000
vt 0.4429 0.3144 0.0000
vt 0.7041 0.3129 0.0000
vt 0.7502 0.3676 0.0000
vt 0.7813 0.5578 0.0000
vt 0.7823 0.9676 0.0000
vt 1.0000 0.9708 0.0000
vt 0.2360 0.0171 0.0000
vt 0.2327 0.4135 0.0000
vt 0.0020 0.0206 0.0000
vt 0.2838 0.5368 0.0000
vt 0.6047 0.5348 0.0000
vt 0.6437 0.6026 0.0000
vt 0.6539 1.0000 0.0000
vt 0.1366 0.9962 0.0000
vt 0.0000 0.7503 0.0000
# 359 texture coords

g mesh01
usemtl default
f 1/1/1 2/2/1 3/3/1 
f 1/1/1 3/3/1 4/4/1 
f 5/4/2 6/3/2 7/2/2 
f 5/4/2 7/2/2 8/1/2 
f 8/5/3 1/6/3 4/7/3 
f 8/5/3 4/7/3 5/8/3 
f 6/8/4 3/7/4 2/6/4 
f 6/8/4 2/6/4 7/5/4 
f 4/9/5 3/10/5 6/11/5 
f 4/9/5 6/11/5 5/12/5 
f 8/12/6 7/11/6 2/10/6 
f 8/12/6 2/10/6 1/9/6 
f 9/13/1 10/14/1 11/15/1 
f 9/13/1 11/15/1 12/16/1 
f 13/16/2 14/15/2 15/14/2 
f 13/16/2 15/14/2 16/13/2 
f 16/17/3 9/18/3 12/19/3 
f 16/17/3 12/19/3 13/20/3 
f 14/20/4 11/19/4 10/18/4 
f 14/20/4 10/18/4 15/17/4 
f 12/21/5 11/22/5 14/23/5 
f 12/21/5 14/23/5 13/24/5 
f 16/24/6 15/23/6 10/22/6 
f 16/24/6 10/22/6 9/21/6 
f 17/25/1 18/26/1 19/27/1 
f 17/25/1 19/27/1 20/28/1 
f 21/28/2 22/27/2 23/26/2 
f 21/28/2 23/26/2 24/25/2 
f 24/29/7 17/30/7 20/31/7 
f 24/29/7 20/31/7 21/32/7 
f 22/32/8 19/31/8 18/30/8 
f 22/32/8 18/30/8 23/29/8 
f 20/33/9 19/34/9 22/35/9 
f 20/33/9 22/35/9 21/36/9 
f 24/36/10 23/35/10 18/34/10 
f 24/36/10 18/34/10 17/33/10 
f 25/37/11 26/38/12 27/39/13 
f 25/37/11 27/39/13 28/40/13 
f 29/40/14 30/39/14 31/38/15 
f 29/40/14 31/38/15 32/37/16 
f 31/38/15 33/41/17 34/42/18 
f 31/38/15 34/42/18 32/37/16 
f 25/37/11 35/42/19 36/41/20 
f 25/37/11 36/41/20 26/38/12 
f 34/43/21 33/44/22 36/45/23 
f 34/43/21 36/45/23 35/46/24 
f 28/47/2 27/48/2 30/49/2 
f 28/47/2 30/49/2 29/50/2 
f 26/48/25 36/45/23 33/44/22 
f 26/48/25 33/44/22 31/49/25 
f 32/50/26 34/43/21 35/46/24 
f 32/50/26 35/46/24 25/47/26 
f 37/51/27 38/52/28 39/53/29 
f 37/51/27 39/53/29 40/54/30 
f 41/55/2 42/56/2 43/57/2 
f 41/55/2 43/57/2 44/58/2 
f 44/58/31 45/58/32 46/55/33 
f 44/58/31 46/55/33 41/55/31 
f 42/56/34 47/56/35 48/57/36 
f 42/56/34 48/57/36 43/57/34 
f 47/56/35 39/53/29 38/52/28 
f 47/56/35 38/52/28 48/57/36 
f 45/58/32 37/51/27 40/54/30 
f 45/58/32 40/54/30 46/55/33 
f 29/59/37 32/60/37 25/61/37 
f 29/59/37 25/61/37 28/62/37 
f 27/62/38 26/61/38 31/60/38 
f 27/62/38 31/60/38 30/59/38 
f 46/63/39 47/64/40 42/65/41 
f 46/63/39 42/65/41 41/66/41 
f 44/67/42 43/68/42 48/69/43 
f 44/67/42 48/69/43 45/70/44 
f 48/69/43 38/71/45 37/72/46 
f 48/69/43 37/72/46 45/70/44 
f 46/63/39 40/73/47 39/74/48 
f 46/63/39 39/74/48 47/64/40 
f 49/75/49 50/76/50 51/77/51 
f 49/75/49 51/77/51 52/78/52 
f 53/79/2 54/80/2 55/81/2 
f 53/79/2 55/81/2 56/82/2 
f 57/80/53 51/77/51 50/76/50 
f 57/80/53 50/76/50 58/81/53 
f 59/82/54 49/75/49 52/78/52 
f 59/82/54 52/78/52 60/79/54 
f 61/83/55 62/84/56 63/85/57 
f 61/83/55 63/85/57 64/86/58 
f 65/87/2 66/88/2 67/89/2 
f 65/87/2 67/89/2 68/90/2 
f 68/90/59 69/90/60 70/87/61 
f 68/90/59 70/87/61 65/87/59 
f 66/88/62 71/88/63 72/89/64 
f 66/88/62 72/89/64 67/89/62 
f 71/88/63 63/85/57 62/84/56 
f 71/88/63 62/84/56 72/89/64 
f 69/90/60 61/83/55 64/86/58 
f 69/90/60 64/86/58 70/87/61 
f 60/91/65 57/92/66 54/93/67 
f 60/91/65 54/93/67 53/94/67 
f 56/94/68 55/93/68 58/92/69 
f 56/94/68 58/92/69 59/91/70 
f 58/92/69 50/95/71 49/96/72 
f 58/92/69 49/96/72 59/91/70 
f 60/91/65 52/96/73 51/95/74 
f 60/91/65 51/95/74 57/92/66 
f 56/97/75 59/98/75 60/99/75 
f 56/97/75 60/99/75 53/100/75 
f 54/100/76 57/99/76 58/98/76 
f 54/100/76 58/98/76 55/97/76 
f 70/101/77 71/102/78 66/103/79 
f 70/101/77 66/103/79 65/104/79 
f 68/105/80 67/106/80 72/107/81 
f 68/105/80 72/107/81 69/108/82 
f 72/107/81 62/109/83 61/110/84 
f 72/107/81 61/110/84 69/108/82 
f 70/101/77 64/111/85 63/112/86 
f 70/101/77 63/112/86 71/102/78 
f 73/113/87 74/114/88 75/115/89 
f 73/113/87 75/115/89 76/116/90 
f 77/117/2 78/118/2 79/119/2 
f 77/117/2 79/119/2 80/120/2 
f 81/118/91 75/115/89 74/114/88 
f 81/118/91 74/114/88 82/119/91 
f 83/120/92 73/113/87 76/116/90 
f 83/120/92 76/116/90 84/117/92 
f 85/121/93 86/122/94 87/123/95 
f 85/121/93 87/123/95 88/124/96 
f 89/125/2 90/126/2 91/127/2 
f 89/125/2 91/127/2 92/128/2 
f 92/128/97 93/128/98 94/125/99 
f 92/128/97 94/125/99 89/125/97 
f 90/126/100 95/126/101 96/127/102 
f 90/126/100 96/127/102 91/127/100 
f 95/126/101 87/123/95 86/122/94 
f 95/126/101 86/122/94 96/127/102 
f 93/128/98 85/121/93 88/124/96 
f 93/128/98 88/124/96 94/125/99 
f 84/129/103 81/130/104 78/131/105 
f 84/129/103 78/131/105 77/132/105 
f 80/132/106 79/131/106 82/130/107 
f 80/132/106 82/130/107 83/129/108 
f 82/130/107 74/133/109 73/134/110 
f 82/130/107 73/134/110 83/129/108 
f 84/129/103 76/134/111 75/133/112 
f 84/129/103 75/133/112 81/130/104 
f 80/135/113 83/136/113 84/137/113 
f 80/135/113 84/137/113 77/138/113 
f 78/138/114 81/137/114 82/136/114 
f 78/138/114 82/136/114 79/135/114 
f 94/139/115 95/140/116 90/141/117 
f 94/139/115 90/141/117 89/142/117 
f 92/143/118 91/144/118 96/145/119 
f 92/143/118 96/145/119 93/146/120 
f 96/145/119 86/147/121 85/148/122 
f 96/145/119 85/148/122 93/146/120 
f 94/139/115 88/149/123 87/150/124 
f 94/139/115 87/150/124 95/140/116 
f 97/151/4 98/152/4 99/153/4 
f 97/151/4 99/153/4 100/154/4 
f 101/154/3 102/153/3 103/152/3 
f 101/154/3 103/152/3 104/151/3 
f 105/155/3 106/156/3 107/157/3 
f 105/155/3 107/157/3 108/158/3 
f 104/159/5 103/160/5 98/161/5 
f 104/159/5 98/161/5 97/162/5 
f 108/163/5 107/164/5 109/165/5 
f 108/163/5 109/165/5 110/166/5 
f 111/166/6 112/165/6 106/164/6 
f 111/166/6 106/164/6 105/163/6 
f 113/167/125 114/168/125 115/169/125 
f 113/167/125 115/169/125 116/170/125 
f 100/171/6 99/171/6 102/172/6 
f 100/171/6 102/172/6 101/172/6 
f 101/172/2 104/173/2 97/174/2 
f 101/172/2 97/174/2 100/171/2 
f 99/171/1 98/174/1 103/173/1 
f 99/171/1 103/173/1 102/172/1 
f 117/175/126 118/175/126 114/176/126 
f 117/175/126 114/176/126 113/176/126 
f 116/177/127 115/177/127 119/178/128 
f 116/177/127 119/178/128 120/178/129 
f 120/178/129 119/178/128 118/175/130 
f 120/178/129 118/175/130 117/175/130 
f 120/178/2 117/175/2 113/176/2 
f 120/178/2 113/176/2 116/177/2 
f 115/177/1 114/176/1 118/175/1 
f 115/177/1 118/175/1 119/178/1 
f 110/179/4 109/179/4 112/180/4 
f 110/179/4 112/180/4 111/180/4 
f 105/181/2 108/182/2 110/179/2 
f 105/181/2 110/179/2 111/180/2 
f 112/180/1 109/179/1 107/182/1 
f 112/180/1 107/182/1 106/181/1 
f 121/183/3 122/184/3 123/185/3 
f 121/183/3 123/185/3 124/186/3 
f 125/186/4 126/185/4 127/184/4 
f 125/186/4 127/184/4 128/183/4 
f 129/187/4 130/188/4 131/189/4 
f 129/187/4 131/189/4 132/190/4 
f 128/191/6 127/192/6 122/193/6 
f 128/191/6 122/193/6 121/194/6 
f 132/195/131 131/196/131 133/197/131 
f 132/195/131 133/197/131 134/198/131 
f 135/198/5 136/197/5 130/196/5 
f 135/198/5 130/196/5 129/195/5 
f 137/199/132 138/200/132 139/201/132 
f 137/199/132 139/201/132 140/202/132 
f 124/203/5 123/203/5 126/204/5 
f 124/203/5 126/204/5 125/204/5 
f 125/204/2 128/205/2 121/206/2 
f 125/204/2 121/206/2 124/203/2 
f 123/203/1 122/206/1 127/205/1 
f 123/203/1 127/205/1 126/204/1 
f 141/207/133 142/207/133 138/208/133 
f 141/207/133 138/208/133 137/208/133 
f 140/209/134 139/209/134 143/210/135 
f 140/209/134 143/210/135 144/210/136 
f 144/210/136 143/210/135 142/207/137 
f 144/210/136 142/207/137 141/207/137 
f 144/210/2 141/207/2 137/208/2 
f 144/210/2 137/208/2 140/209/2 
f 139/209/1 138/208/1 142/207/1 
f 139/209/1 142/207/1 143/210/1 
f 134/211/3 133/211/3 136/212/3 
f 134/211/3 136/212/3 135/212/3 
f 129/213/2 132/214/2 134/211/2 
f 129/213/2 134/211/2 135/212/2 
f 136/212/1 133/211/1 131/214/1 
f 136/212/1 131/214/1 130/213/1 
f 145/215/3 146/216/3 147/217/3 
f 145/215/3 147/217/3 148/218/3 
f 149/218/4 150/217/4 151/216/4 
f 149/218/4 151/216/4 152/215/4 
f 153/219/4 154/220/4 155/221/4 
f 153/219/4 155/221/4 156/222/4 
f 152/223/6 151/224/6 146/225/6 
f 152/223/6 146/225/6 145/226/6 
f 156/227/6 155/228/6 157/229/6 
f 156/227/6 157/229/6 158/230/6 
f 159/230/5 160/229/5 154/228/5 
f 159/230/5 154/228/5 153/227/5 
f 161/231/138 162/232/138 163/233/138 
f 161/231/138 163/233/138 164/234/138 
f 148/235/5 147/235/5 150/236/5 
f 148/235/5 150/236/5 149/236/5 
f 149/236/2 152/237/2 145/238/2 
f 149/236/2 145/238/2 148/235/2 
f 147/235/1 146/238/1 151/237/1 
f 147/235/1 151/237/1 150/236/1 
f 165/239/139 166/239/139 162/240/139 
f 165/239/139 162/240/139 161/240/139 
f 164/241/140 163/241/140 167/242/140 
f 164/241/140 167/242/140 168/242/140 
f 168/242/141 167/242/141 166/239/141 
f 168/242/141 166/239/141 165/239/141 
f 168/242/2 165/239/2 161/240/2 
f 168/242/2 161/240/2 164/241/2 
f 163/241/1 162/240/1 166/239/1 
f 163/241/1 166/239/1 167/242/1 
f 158/243/3 157/243/3 160/244/3 
f 158/243/3 160/244/3 159/244/3 
f 153/245/2 156/246/2 158/243/2 
f 153/245/2 158/243/2 159/244/2 
f 160/244/1 157/243/1 155/246/1 
f 160/244/1 155/246/1 154/245/1 
f 169/247/1 170/248/1 171/249/1 
f 169/247/1 171/249/1 172/250/1 
f 173/250/2 174/249/2 175/248/2 
f 173/250/2 175/248/2 176/247/2 
f 176/251/3 169/252/3 172/253/3 
f 176/251/3 172/253/3 173/254/3 
f 174/254/4 171/253/4 170/252/4 
f 174/254/4 170/252/4 175/251/4 
f 172/255/5 171/256/5 174/257/5 
f 172/255/5 174/257/5 173/258/5 
f 176/258/6 175/257/6 170/256/6 
f 176/258/6 170/256/6 169/255/6 
f 177/259/1 178/260/1 179/261/1 
f 177/259/1 179/261/1 180/262/1 
f 181/262/2 182/261/2 183/260/2 
f 181/262/2 183/260/2 184/259/2 
f 184/263/3 177/264/3 180/265/3 
f 184/263/3 180/265/3 181/266/3 
f 182/266/4 179/265/4 178/264/4 
f 182/266/4 178/264/4 183/263/4 
f 180/267/5 179/268/5 182/269/5 
f 180/267/5 182/269/5 181/270/5 
f 184/270/6 183/269/6 178/268/6 
f 184/270/6 178/268/6 177/267/6 
f 185/271/1 186/272/1 187/273/1 
f 185/271/1 187/273/1 188/274/1 
f 189/274/2 190/273/2 191/272/2 
f 189/274/2 191/272/2 192/271/2 
f 192/275/3 185/276/3 188/277/3 
f 192/275/3 188/277/3 189/278/3 
f 190/278/4 187/277/4 186/276/4 
f 190/278/4 186/276/4 191/275/4 
f 188/279/5 187/280/5 190/281/5 
f 188/279/5 190/281/5 189/282/5 
f 192/282/6 191/281/6 186/280/6 
f 192/282/6 186/280/6 185/279/6 
f 193/283/1 194/284/1 195/285/1 
f 193/283/1 195/285/1 196/286/1 
f 197/286/2 198/285/2 199/284/2 
f 197/286/2 199/284/2 200/283/2 
f 200/287/142 193/288/142 196/289/142 
f 200/287/142 196/289/142 197/290/142 
f 198/290/143 195/289/143 194/288/143 
f 198/290/143 194/288/143 199/287/143 
f 196/291/144 195/292/144 198/293/144 
f 196/291/144 198/293/144 197/294/144 
f 200/294/145 199/293/145 194/292/145 
f 200/294/145 194/292/145 193/291/145 
f 201/295/1 202/296/1 203/297/1 
f 201/295/1 203/297/1 204/298/1 
f 205/298/2 206/297/2 207/296/2 
f 205/298/2 207/296/2 208/295/2 
f 208/299/146 201/300/146 204/301/146 
f 208/299/146 204/301/146 205/302/146 
f 206/302/147 203/301/147 202/300/147 
f 206/302/147 202/300/147 207/299/147 
f 204/303/148 203/304/148 206/305/148 
f 204/303/148 206/305/148 205/306/148 
f 208/306/149 207/305/149 202/304/149 
f 208/306/149 202/304/149 201/303/149 
f 209/307/1 210/308/1 211/309/1 
f 209/307/1 211/309/1 212/310/1 
f 213/310/2 214/309/2 215/308/2 
f 213/310/2 215/308/2 216/307/2 
f 216/311/5 209/312/5 212/313/5 
f 216/311/5 212/313/5 213/314/5 
f 214/314/6 211/313/6 210/312/6 
f 214/314/6 210/312/6 215/311/6 
f 212/315/4 211/316/4 214/317/4 
f 212/315/4 214/317/4 213/318/4 
f 216/318/3 215/317/3 210/316/3 
f 216/318/3 210/316/3 209/315/3 
f 217/319/1 218/320/1 219/321/1 
f 217/319/1 219/321/1 220/322/1 
f 221/322/2 222/321/2 223/320/2 
f 221/322/2 223/320/2 224/319/2 
f 224/323/5 217/324/5 220/325/5 
f 224/323/5 220/325/5 221/326/5 
f 222/326/6 219/325/6 218/324/6 
f 222/326/6 218/324/6 223/323/6 
f 220/327/4 219/328/4 222/329/4 
f 220/327/4 222/329/4 221/330/4 
f 224/330/3 223/329/3 218/328/3 
f 224/330/3 218/328/3 217/327/3 
f 225/1/1 226/2/1 227/3/1 
f 225/1/1 227/3/1 228/4/1 
f 229/4/2 230/3/2 231/2/2 
f 229/4/2 231/2/2 232/1/2 
f 232/5/4 225/6/4 228/7/4 
f 232/5/4 228/7/4 229/8/4 
f 230/8/3 227/7/3 226/6/3 
f 230/8/3 226/6/3 231/5/3 
f 228/9/6 227/10/6 230/11/6 
f 228/9/6 230/11/6 229/12/6 
f 232/12/5 231/11/5 226/10/5 
f 232/12/5 226/10/5 225/9/5 
f 233/13/1 234/14/1 235/15/1 
f 233/13/1 235/15/1 236/16/1 
f 237/16/2 238/15/2 239/14/2 
f 237/16/2 239/14/2 240/13/2 
f 240/17/4 233/18/4 236/19/4 
f 240/17/4 236/19/4 237/20/4 
f 238/20/3 235/19/3 234/18/3 
f 238/20/3 234/18/3 239/17/3 
f 236/21/6 235/22/6 238/23/6 
f 236/21/6 238/23/6 237/24/6 
f 240/24/5 239/23/5 234/22/5 
f 240/24/5 234/22/5 233/21/5 
f 241/25/1 242/26/1 243/27/1 
f 241/25/1 243/27/1 244/28/1 
f 245/28/2 246/27/2 247/26/2 
f 245/28/2 247/26/2 248/25/2 
f 248/29/150 241/30/150 244/31/150 
f 248/29/150 244/31/150 245/32/150 
f 246/32/151 243/31/151 242/30/151 
f 246/32/151 242/30/151 247/29/151 
f 244/33/10 243/34/10 246/35/10 
f 244/33/10 246/35/10 245/36/10 
f 248/36/9 247/35/9 242/34/9 
f 248/36/9 242/34/9 241/33/9 
f 249/37/152 250/38/152 251/39/153 
f 249/37/152 251/39/153 252/40/153 
f 253/40/154 254/39/154 255/38/155 
f 253/40/154 255/38/155 256/37/155 
f 255/38/155 257/41/156 258/42/157 
f 255/38/155 258/42/157 256/37/155 
f 249/37/152 259/42/158 260/41/159 
f 249/37/152 260/41/159 250/38/152 
f 258/43/23 257/44/24 260/45/160 
f 258/43/23 260/45/160 259/46/22 
f 252/47/2 251/48/2 254/49/2 
f 252/47/2 254/49/2 253/50/2 
f 250/48/26 260/45/160 257/44/24 
f 250/48/26 257/44/24 255/49/26 
f 256/50/25 258/43/23 259/46/22 
f 256/50/25 259/46/22 249/47/161 
f 261/51/29 262/52/162 263/53/27 
f 261/51/29 263/53/27 264/54/28 
f 265/55/2 266/56/2 267/57/2 
f 265/55/2 267/57/2 268/58/2 
f 268/58/163 269/58/35 270/55/164 
f 268/58/163 270/55/164 265/55/163 
f 266/56/165 271/56/32 272/57/166 
f 266/56/165 272/57/166 267/57/165 
f 271/56/32 263/53/27 262/52/162 
f 271/56/32 262/52/162 272/57/166 
f 269/58/35 261/51/29 264/54/28 
f 269/58/35 264/54/28 270/55/164 
f 253/59/38 256/60/38 249/61/38 
f 253/59/38 249/61/38 252/62/38 
f 251/62/37 250/61/37 255/60/37 
f 251/62/37 255/60/37 254/59/37 
f 270/63/167 271/64/44 266/65/42 
f 270/63/167 266/65/42 265/66/42 
f 268/67/41 267/68/41 272/69/168 
f 268/67/41 272/69/168 269/70/40 
f 272/69/168 262/71/169 261/72/170 
f 272/69/168 261/72/170 269/70/40 
f 270/63/167 264/73/171 263/74/172 
f 270/63/167 263/74/172 271/64/44 
f 273/75/173 274/76/52 275/77/174 
f 273/75/173 275/77/174 276/78/50 
f 277/79/2 278/80/2 279/81/2 
f 277/79/2 279/81/2 280/82/2 
f 281/80/54 275/77/174 274/76/52 
f 281/80/54 274/76/52 282/81/54 
f 283/82/53 273/75/173 276/78/50 
f 283/82/53 276/78/50 284/79/175 
f 285/83/176 286/84/177 287/85/55 
f 285/83/176 287/85/55 288/86/178 
f 289/87/2 290/88/2 291/89/2 
f 289/87/2 291/89/2 292/90/2 
f 292/90/62 293/90/179 294/87/180 
f 292/90/62 294/87/180 289/87/62 
f 290/88/59 295/88/181 296/89/182 
f 290/88/59 296/89/182 291/89/59 
f 295/88/181 287/85/55 286/84/177 
f 295/88/181 286/84/177 296/89/182 
f 293/90/179 285/83/176 288/86/178 
f 293/90/179 288/86/178 294/87/180 
f 284/91/183 281/92/184 278/93/185 
f 284/91/183 278/93/185 277/94/185 
f 280/94/186 279/93/186 282/92/187 
f 280/94/186 282/92/187 283/91/188 
f 282/92/187 274/95/189 273/96/190 
f 282/92/187 273/96/190 283/91/188 
f 284/91/183 276/96/191 275/95/192 
f 284/91/183 275/95/192 281/92/184 
f 280/97/193 283/98/193 284/99/193 
f 280/97/193 284/99/193 277/100/193 
f 278/100/194 281/99/194 282/98/194 
f 278/100/194 282/98/194 279/97/194 
f 294/101/82 295/102/82 290/103/80 
f 294/101/82 290/103/80 289/104/80 
f 292/105/195 291/106/195 296/107/196 
f 292/105/195 296/107/196 293/108/197 
f 296/107/196 286/109/198 285/110/198 
f 296/107/196 285/110/198 293/108/197 
f 294/101/82 288/111/199 287/112/199 
f 294/101/82 287/112/199 295/102/82 
f 297/113/89 298/114/90 299/115/87 
f 297/113/89 299/115/87 300/116/88 
f 301/117/2 302/118/2 303/119/2 
f 301/117/2 303/119/2 304/120/2 
f 305/118/92 299/115/87 298/114/90 
f 305/118/92 298/114/90 306/119/92 
f 307/120/91 297/113/89 300/116/88 
f 307/120/91 300/116/88 308/117/91 
f 309/121/95 310/122/200 311/123/201 
f 309/121/95 311/123/201 312/124/202 
f 313/125/2 314/126/2 315/127/2 
f 313/125/2 315/127/2 316/128/2 
f 316/128/203 317/128/204 318/125/205 
f 316/128/203 318/125/205 313/125/203 
f 314/126/206 319/126/207 320/127/208 
f 314/126/206 320/127/208 315/127/206 
f 319/126/207 311/123/201 310/122/200 
f 319/126/207 310/122/200 320/127/208 
f 317/128/204 309/121/95 312/124/202 
f 317/128/204 312/124/202 318/125/205 
f 308/129/108 305/130/209 302/131/210 
f 308/129/108 302/131/210 301/132/210 
f 304/132/105 303/131/105 306/130/211 
f 304/132/105 306/130/211 307/129/212 
f 306/130/211 298/133/213 297/134/214 
f 306/130/211 297/134/214 307/129/212 
f 308/129/108 300/134/215 299/133/216 
f 308/129/108 299/133/216 305/130/209 
f 304/135/217 307/136/217 308/137/217 
f 304/135/217 308/137/217 301/138/217 
f 302/138/113 305/137/113 306/136/113 
f 302/138/113 306/136/113 303/135/113 
f 318/139/218 319/140/219 314/141/220 
f 318/139/218 314/141/220 313/142/220 
f 316/143/221 315/144/221 320/145/222 
f 316/143/221 320/145/222 317/146/223 
f 320/145/222 310/147/224 309/148/225 
f 320/145/222 309/148/225 317/146/223 
f 318/139/218 312/149/226 311/150/227 
f 318/139/218 311/150/227 319/140/219 
f 321/151/3 322/152/3 323/153/3 
f 321/151/3 323/153/3 324/154/3 
f 325/154/4 326/153/4 327/152/4 
f 325/154/4 327/152/4 328/151/4 
f 329/155/4 330/156/4 331/157/4 
f 329/155/4 331/157/4 332/158/4 
f 328/159/6 327/160/6 322/161/6 
f 328/159/6 322/161/6 321/162/6 
f 332/163/6 331/164/6 333/165/6 
f 332/163/6 333/165/6 334/166/6 
f 335/166/5 336/165/5 330/164/5 
f 335/166/5 330/164/5 329/163/5 
f 337/167/228 338/168/228 339/169/228 
f 337/167/228 339/169/228 340/170/228 
f 324/171/5 323/171/5 326/172/5 
f 324/171/5 326/172/5 325/172/5 
f 325/172/2 328/173/2 321/174/2 
f 325/172/2 321/174/2 324/171/2 
f 323/171/1 322/174/1 327/173/1 
f 323/171/1 327/173/1 326/172/1 
f 341/175/229 342/175/229 338/176/229 
f 341/175/229 338/176/229 337/176/229 
f 340/177/230 339/177/230 343/178/231 
f 340/177/230 343/178/231 344/178/232 
f 344/178/232 343/178/231 342/175/233 
f 344/178/232 342/175/233 341/175/233 
f 344/178/2 341/175/2 337/176/2 
f 344/178/2 337/176/2 340/177/2 
f 339/177/1 338/176/1 342/175/1 
f 339/177/1 342/175/1 343/178/1 
f 334/179/3 333/179/3 336/180/3 
f 334/179/3 336/180/3 335/180/3 
f 329/181/2 332/182/2 334/179/2 
f 329/181/2 334/179/2 335/180/2 
f 336/180/1 333/179/1 331/182/1 
f 336/180/1 331/182/1 330/181/1 
f 345/183/4 346/184/4 347/185/4 
f 345/183/4 347/185/4 348/186/4 
f 349/186/3 350/185/3 351/184/3 
f 349/186/3 351/184/3 352/183/3 
f 353/187/3 354/188/3 355/189/3 
f 353/187/3 355/189/3 356/190/3 
f 352/191/5 351/192/5 346/193/5 
f 352/191/5 346/193/5 345/194/5 
f 356/195/5 355/196/5 357/197/5 
f 356/195/5 357/197/5 358/198/5 
f 359/198/6 360/197/6 354/196/6 
f 359/198/6 354/196/6 353/195/6 
f 361/199/137 362/200/137 363/201/137 
f 361/199/137 363/201/137 364/202/137 
f 348/203/6 347/203/6 350/204/6 
f 348/203/6 350/204/6 349/204/6 
f 349/204/2 352/205/2 345/206/2 
f 349/204/2 345/206/2 348/203/2 
f 347/203/1 346/206/1 351/205/1 
f 347/203/1 351/205/1 350/204/1 
f 365/207/234 366/207/234 362/208/234 
f 365/207/234 362/208/234 361/208/234 
f 364/209/235 363/209/235 367/210/236 
f 364/209/235 367/210/236 368/210/237 
f 368/210/237 367/210/236 366/207/132 
f 368/210/237 366/207/132 365/207/132 
f 368/210/2 365/207/2 361/208/2 
f 368/210/2 361/208/2 364/209/2 
f 363/209/1 362/208/1 366/207/1 
f 363/209/1 366/207/1 367/210/1 
f 358/211/4 357/211/4 360/212/4 
f 358/211/4 360/212/4 359/212/4 
f 353/213/2 356/214/2 358/211/2 
f 353/213/2 358/211/2 359/212/2 
f 360/212/1 357/211/1 355/214/1 
f 360/212/1 355/214/1 354/213/1 
f 369/215/238 370/216/238 371/217/238 
f 369/215/238 371/217/238 372/218/238 
f 373/218/3 374/217/3 375/216/3 
f 373/218/3 375/216/3 376/215/3 
f 377/219/3 378/220/3 379/221/3 
f 377/219/3 379/221/3 380/222/3 
f 376/223/5 375/224/5 370/225/5 
f 376/223/5 370/225/5 369/226/5 
f 380/227/5 379/228/5 381/229/5 
f 380/227/5 381/229/5 382/230/5 
f 383/230/6 384/229/6 378/228/6 
f 383/230/6 378/228/6 377/227/6 
f 385/231/141 386/232/141 387/233/141 
f 385/231/141 387/233/141 388/234/141 
f 372/235/6 371/235/6 374/236/6 
f 372/235/6 374/236/6 373/236/6 
f 373/236/2 376/237/2 369/238/2 
f 373/236/2 369/238/2 372/235/2 
f 371/235/1 370/238/1 375/237/1 
f 371/235/1 375/237/1 374/236/1 
f 389/239/140 390/239/140 386/240/140 
f 389/239/140 386/240/140 385/240/140 
f 388/241/139 387/241/139 391/242/139 
f 388/241/139 391/242/139 392/242/139 
f 392/242/138 391/242/138 390/239/138 
f 392/242/138 390/239/138 389/239/138 
f 392/242/2 389/239/2 385/240/2 
f 392/242/2 385/240/2 388/241/2 
f 387/241/1 386/240/1 390/239/1 
f 387/241/1 390/239/1 391/242/1 
f 382/243/4 381/243/4 384/244/4 
f 382/243/4 384/244/4 383/244/4 
f 377/245/2 380/246/2 382/243/2 
f 377/245/2 382/243/2 383/244/2 
f 384/244/1 381/243/1 379/246/1 
f 384/244/1 379/246/1 378/245/1 
f 393/247/1 394/248/1 395/249/1 
f 393/247/1 395/249/1 396/250/1 
f 397/250/2 398/249/2 399/248/2 
f 397/250/2 399/248/2 400/247/2 
f 400/251/4 393/252/4 396/253/4 
f 400/251/4 396/253/4 397/254/4 
f 398/254/3 395/253/3 394/252/3 
f 398/254/3 394/252/3 399/251/3 
f 396/255/6 395/256/6 398/257/6 
f 396/255/6 398/257/6 397/258/6 
f 400/258/5 399/257/5 394/256/5 
f 400/258/5 394/256/5 393/255/5 
f 401/259/1 402/260/1 403/261/1 
f 401/259/1 403/261/1 404/262/1 
f 405/262/2 406/261/2 407/260/2 
f 405/262/2 407/260/2 408/259/2 
f 408/263/4 401/264/4 404/265/4 
f 408/263/4 404/265/4 405/266/4 
f 406/266/3 403/265/3 402/264/3 
f 406/266/3 402/264/3 407/263/3 
f 404/267/6 403/268/6 406/269/6 
f 404/267/6 406/269/6 405/270/6 
f 408/270/5 407/269/5 402/268/5 
f 408/270/5 402/268/5 401/267/5 
f 409/271/1 410/272/1 411/273/1 
f 409/271/1 411/273/1 412/274/1 
f 413/274/2 414/273/2 415/272/2 
f 413/274/2 415/272/2 416/271/2 
f 416/275/4 409/276/4 412/277/4 
f 416/275/4 412/277/4 413/278/4 
f 414/278/3 411/277/3 410/276/3 
f 414/278/3 410/276/3 415/275/3 
f 412/279/6 411/280/6 414/281/6 
f 412/279/6 414/281/6 413/282/6 
f 416/282/5 415/281/5 410/280/5 
f 416/282/5 410/280/5 409/279/5 
f 417/283/1 418/284/1 419/285/1 
f 417/283/1 419/285/1 420/286/1 
f 421/286/2 422/285/2 423/284/2 
f 421/286/2 423/284/2 424/283/2 
f 424/287/239 417/288/239 420/289/239 
f 424/287/239 420/289/239 421/290/239 
f 422/290/240 419/289/240 418/288/240 
f 422/290/240 418/288/240 423/287/240 
f 420/291/145 419/292/145 422/293/145 
f 420/291/145 422/293/145 421/294/145 
f 424/294/144 423/293/144 418/292/144 
f 424/294/144 418/292/144 417/291/144 
f 425/295/1 426/296/1 427/297/1 
f 425/295/1 427/297/1 428/298/1 
f 429/298/2 430/297/2 431/296/2 
f 429/298/2 431/296/2 432/295/2 
f 432/299/241 425/300/241 428/301/241 
f 432/299/241 428/301/241 429/302/241 
f 430/302/146 427/301/146 426/300/146 
f 430/302/146 426/300/146 431/299/146 
f 428/303/149 427/304/149 430/305/149 
f 428/303/149 430/305/149 429/306/149 
f 432/306/148 431/305/148 426/304/148 
f 432/306/148 426/304/148 425/303/148 
f 433/307/1 434/308/1 435/309/1 
f 433/307/1 435/309/1 436/310/1 
f 437/310/2 438/309/2 439/308/2 
f 437/310/2 439/308/2 440/307/2 
f 440/311/6 433/312/6 436/313/6 
f 440/311/6 436/313/6 437/314/6 
f 438/314/5 435/313/5 434/312/5 
f 438/314/5 434/312/5 439/311/5 
f 436/315/3 435/316/3 438/317/3 
f 436/315/3 438/317/3 437/318/3 
f 440/318/4 439/317/4 434/316/4 
f 440/318/4 434/316/4 433/315/4 
f 441/319/1 442/320/1 443/321/1 
f 441/319/1 443/321/1 444/322/1 
f 445/322/2 446/321/2 447/320/2 
f 445/322/2 447/320/2 448/319/2 
f 448/323/6 441/324/6 444/325/6 
f 448/323/6 444/325/6 445/326/6 
f 446/326/5 443/325/5 442/324/5 
f 446/326/5 442/324/5 447/323/5 
f 444/327/3 443/328/3 446/329/3 
f 444/327/3 446/329/3 445/330/3 
f 448/330/4 447/329/4 442/328/4 
f 448/330/4 442/328/4 441/327/4 
f 449/1/1 450/2/1 451/3/1 
f 449/1/1 451/3/1 452/4/1 
f 453/4/2 454/3/2 455/2/2 
f 453/4/2 455/2/2 456/1/2 
f 456/5/6 449/6/6 452/7/6 
f 456/5/6 452/7/6 453/8/6 
f 454/8/5 451/7/5 450/6/5 
f 454/8/5 450/6/5 455/5/5 
f 452/9/3 451/10/3 454/11/3 
f 452/9/3 454/11/3 453/12/3 
f 456/12/4 455/11/4 450/10/4 
f 456/12/4 450/10/4 449/9/4 
f 457/13/1 458/14/1 459/15/1 
f 457/13/1 459/15/1 460/16/1 
f 461/16/2 462/15/2 463/14/2 
f 461/16/2 463/14/2 464/13/2 
f 464/17/6 457/18/6 460/19/6 
f 464/17/6 460/19/6 461/20/6 
f 462/20/5 459/19/5 458/18/5 
f 462/20/5 458/18/5 463/17/5 
f 460/21/3 459/22/3 462/23/3 
f 460/21/3 462/23/3 461/24/3 
f 464/24/4 463/23/4 458/22/4 
f 464/24/4 458/22/4 457/21/4 
f 465/25/1 466/26/1 467/27/1 
f 465/25/1 467/27/1 468/28/1 
f 469/28/2 470/27/2 471/26/2 
f 469/28/2 471/26/2 472/25/2 
f 472/29/10 465/30/10 468/31/10 
f 472/29/10 468/31/10 469/32/10 
f 470/32/9 467/31/9 466/30/9 
f 470/32/9 466/30/9 471/29/9 
f 468/33/151 467/34/151 470/35/151 
f 468/33/151 470/35/151 469/36/151 
f 472/36/150 471/35/150 466/34/150 
f 472/36/150 466/34/150 465/33/150 
f 473/37/242 474/38/243 475/39/244 
f 473/37/242 475/39/244 476/40/244 
f 477/40/38 478/39/38 479/38/245 
f 477/40/38 479/38/245 480/37/246 
f 479/38/245 481/41/247 482/42/248 
f 479/38/245 482/42/248 480/37/246 
f 473/37/242 483/42/249 484/41/250 
f 473/37/242 484/41/250 474/38/243 
f 482/43/251 481/44/252 484/45/253 
f 482/43/251 484/45/253 483/46/254 
f 476/47/2 475/48/2 478/49/2 
f 476/47/2 478/49/2 477/50/2 
f 474/48/255 484/45/253 481/44/252 
f 474/48/255 481/44/252 479/49/255 
f 480/50/256 482/43/251 483/46/254 
f 480/50/256 483/46/254 473/47/256 
f 485/51/257 486/52/258 487/53/259 
f 485/51/257 487/53/259 488/54/260 
f 489/55/2 490/56/2 491/57/2 
f 489/55/2 491/57/2 492/58/2 
f 492/58/261 493/58/262 494/55/263 
f 492/58/261 494/55/263 489/55/261 
f 490/56/264 495/56/265 496/57/266 
f 490/56/264 496/57/266 491/57/264 
f 495/56/265 487/53/259 486/52/258 
f 495/56/265 486/52/258 496/57/266 
f 493/58/262 485/51/257 488/54/260 
f 493/58/262 488/54/260 494/55/263 
f 477/59/153 480/60/153 473/61/153 
f 477/59/153 473/61/153 476/62/153 
f 475/62/154 474/61/154 479/60/154 
f 475/62/154 479/60/154 478/59/154 
f 494/63/267 495/64/268 490/65/269 
f 494/63/267 490/65/269 489/66/269 
f 492/67/270 491/68/270 496/69/271 
f 492/67/270 496/69/271 493/70/272 
f 496/69/271 486/71/273 485/72/274 
f 496/69/271 485/72/274 493/70/272 
f 494/63/267 488/73/275 487/74/276 
f 494/63/267 487/74/276 495/64/268 
f 497/75/277 498/76/278 499/77/279 
f 497/75/277 499/77/279 500/78/280 
f 501/79/2 502/80/2 503/81/2 
f 501/79/2 503/81/2 504/82/2 
f 505/80/281 499/77/279 498/76/278 
f 505/80/281 498/76/278 506/81/282 
f 507/82/283 497/75/277 500/78/280 
f 507/82/283 500/78/280 508/79/284 
f 509/83/285 510/84/286 511/85/287 
f 509/83/285 511/85/287 512/86/288 
f 513/87/2 514/88/2 515/89/2 
f 513/87/2 515/89/2 516/90/2 
f 516/90/289 517/90/290 518/87/291 
f 516/90/289 518/87/291 513/87/289 
f 514/88/292 519/88/293 520/89/294 
f 514/88/292 520/89/294 515/89/292 
f 519/88/293 511/85/287 510/84/286 
f 519/88/293 510/84/286 520/89/294 
f 517/90/290 509/83/285 512/86/288 
f 517/90/290 512/86/288 518/87/291 
f 508/91/295 505/92/296 502/93/75 
f 508/91/295 502/93/75 501/94/75 
f 504/94/193 503/93/193 506/92/297 
f 504/94/193 506/92/297 507/91/298 
f 506/92/297 498/95/299 497/96/300 
f 506/92/297 497/96/300 507/91/298 
f 508/91/295 500/96/301 499/95/302 
f 508/91/295 499/95/302 505/92/296 
f 504/97/68 507/98/68 508/99/68 
f 504/97/68 508/99/68 501/100/68 
f 502/100/303 505/99/303 506/98/303 
f 502/100/303 506/98/303 503/97/303 
f 518/101/304 519/102/305 514/103/306 
f 518/101/304 514/103/306 513/104/306 
f 516/105/307 515/106/307 520/107/308 
f 516/105/307 520/107/308 517/108/309 
f 520/107/308 510/109/310 509/110/311 
f 520/107/308 509/110/311 517/108/309 
f 518/101/304 512/111/312 511/112/313 
f 518/101/304 511/112/313 519/102/305 
f 521/113/314 522/114/315 523/115/316 
f 521/113/314 523/115/316 524/116/317 
f 525/117/2 526/118/2 527/119/2 
f 525/117/2 527/119/2 528/120/2 
f 529/118/318 523/115/316 522/114/315 
f 529/118/318 522/114/315 530/119/319 
f 531/120/320 521/113/314 524/116/317 
f 531/120/320 524/116/317 532/117/321 
f 533/121/322 534/122/323 535/123/324 
f 533/121/322 535/123/324 536/124/325 
f 537/125/2 538/126/2 539/127/2 
f 537/125/2 539/127/2 540/128/2 
f 540/128/326 541/128/327 542/125/328 
f 540/128/326 542/125/328 537/125/326 
f 538/126/329 543/126/330 544/127/331 
f 538/126/329 544/127/331 539/127/329 
f 543/126/330 535/123/324 534/122/323 
f 543/126/330 534/122/323 544/127/331 
f 541/128/327 533/121/322 536/124/325 
f 541/128/327 536/124/325 542/125/328 
f 532/129/332 529/130/333 526/131/113 
f 532/129/332 526/131/113 525/132/113 
f 528/132/217 527/131/217 530/130/334 
f 528/132/217 530/130/334 531/129/335 
f 530/130/334 522/133/336 521/134/337 
f 530/130/334 521/134/337 531/129/335 
f 532/129/332 524/134/338 523/133/339 
f 532/129/332 523/133/339 529/130/333 
f 528/135/340 531/136/340 532/137/340 
f 528/135/340 532/137/340 525/138/340 
f 526/138/341 529/137/341 530/136/341 
f 526/138/341 530/136/341 527/135/341 
f 542/139/342 543/140/343 538/141/344 
f 542/139/342 538/141/344 537/142/344 
f 540/143/345 539/144/345 544/145/346 
f 540/143/345 544/145/346 541/146/346 
f 544/145/346 534/147/347 533/148/348 
f 544/145/346 533/148/348 541/146/346 
f 542/139/342 536/149/349 535/150/350 
f 542/139/342 535/150/350 543/140/343 
f 545/151/5 546/152/5 547/153/5 
f 545/151/5 547/153/5 548/154/5 
f 549/154/6 550/153/6 551/152/6 
f 549/154/6 551/152/6 552/151/6 
f 553/155/6 554/156/6 555/157/6 
f 553/155/6 555/157/6 556/158/6 
f 552/159/3 551/160/3 546/161/3 
f 552/159/3 546/161/3 545/162/3 
f 556/163/3 555/164/3 557/165/3 
f 556/163/3 557/165/3 558/166/3 
f 559/166/4 560/165/4 554/164/4 
f 559/166/4 554/164/4 553/163/4 
f 561/167/351 562/168/351 563/169/351 
f 561/167/351 563/169/351 564/170/351 
f 548/171/4 547/171/4 550/172/4 
f 548/171/4 550/172/4 549/172/4 
f 549/172/2 552/173/2 545/174/2 
f 549/172/2 545/174/2 548/171/2 
f 547/171/1 546/174/1 551/173/1 
f 547/171/1 551/173/1 550/172/1 
f 565/175/352 566/175/352 562/176/352 
f 565/175/352 562/176/352 561/176/352 
f 564/177/353 563/177/353 567/178/354 
f 564/177/353 567/178/354 568/178/355 
f 568/178/355 567/178/354 566/175/356 
f 568/178/355 566/175/356 565/175/356 
f 568/178/2 565/175/2 561/176/2 
f 568/178/2 561/176/2 564/177/2 
f 563/177/1 562/176/1 566/175/1 
f 563/177/1 566/175/1 567/178/1 
f 558/179/5 557/179/5 560/180/5 
f 558/179/5 560/180/5 559/180/5 
f 553/181/2 556/182/2 558/179/2 
f 553/181/2 558/179/2 559/180/2 
f 560/180/1 557/179/1 555/182/1 
f 560/180/1 555/182/1 554/181/1 
f 569/183/6 570/184/6 571/185/6 
f 569/183/6 571/185/6 572/186/6 
f 573/186/5 574/185/5 575/184/5 
f 573/186/5 575/184/5 576/183/5 
f 577/187/5 578/188/5 579/189/5 
f 577/187/5 579/189/5 580/190/5 
f 576/191/4 575/192/4 570/193/4 
f 576/191/4 570/193/4 569/194/4 
f 580/195/4 579/196/4 581/197/4 
f 580/195/4 581/197/4 582/198/4 
f 583/198/3 584/197/3 578/196/3 
f 583/198/3 578/196/3 577/195/3 
f 585/199/357 586/200/357 587/201/357 
f 585/199/357 587/201/357 588/202/357 
f 572/203/3 571/203/3 574/204/3 
f 572/203/3 574/204/3 573/204/3 
f 573/204/2 576/205/2 569/206/2 
f 573/204/2 569/206/2 572/203/2 
f 571/203/1 570/206/1 575/205/1 
f 571/203/1 575/205/1 574/204/1 
f 589/207/358 590/207/358 586/208/358 
f 589/207/358 586/208/358 585/208/358 
f 588/209/359 587/209/359 591/210/360 
f 588/209/359 591/210/360 592/210/361 
f 592/210/361 591/210/360 590/207/362 
f 592/210/361 590/207/362 589/207/362 
f 592/210/2 589/207/2 585/208/2 
f 592/210/2 585/208/2 588/209/2 
f 587/209/1 586/208/1 590/207/1 
f 587/209/1 590/207/1 591/210/1 
f 582/211/6 581/211/6 584/212/6 
f 582/211/6 584/212/6 583/212/6 
f 577/213/2 580/214/2 582/211/2 
f 577/213/2 582/211/2 583/212/2 
f 584/212/1 581/211/1 579/214/1 
f 584/212/1 579/214/1 578/213/1 
f 593/215/6 594/216/6 595/217/6 
f 593/215/6 595/217/6 596/218/6 
f 597/218/5 598/217/5 599/216/5 
f 597/218/5 599/216/5 600/215/5 
f 601/219/5 602/220/5 603/221/5 
f 601/219/5 603/221/5 604/222/5 
f 600/223/4 599/224/4 594/225/4 
f 600/223/4 594/225/4 593/226/4 
f 604/227/4 603/228/4 605/229/4 
f 604/227/4 605/229/4 606/230/4 
f 607/230/3 608/229/3 602/228/3 
f 607/230/3 602/228/3 601/227/3 
f 609/231/139 610/232/139 611/233/139 
f 609/231/139 611/233/139 612/234/139 
f 596/235/3 595/235/3 598/236/3 
f 596/235/3 598/236/3 597/236/3 
f 597/236/2 600/237/2 593/238/2 
f 597/236/2 593/238/2 596/235/2 
f 595/235/1 594/238/1 599/237/1 
f 595/235/1 599/237/1 598/236/1 
f 613/239/141 614/239/141 610/240/141 
f 613/239/141 610/240/141 609/240/141 
f 612/241/138 611/241/138 615/242/138 
f 612/241/138 615/242/138 616/242/138 
f 616/242/140 615/242/140 614/239/140 
f 616/242/140 614/239/140 613/239/140 
f 616/242/2 613/239/2 609/240/2 
f 616/242/2 609/240/2 612/241/2 
f 611/241/1 610/240/1 614/239/1 
f 611/241/1 614/239/1 615/242/1 
f 606/243/6 605/243/6 608/244/6 
f 606/243/6 608/244/6 607/244/6 
f 601/245/2 604/246/2 606/243/2 
f 601/245/2 606/243/2 607/244/2 
f 608/244/1 605/243/1 603/246/1 
f 608/244/1 603/246/1 602/245/1 
f 617/247/1 618/248/1 619/249/1 
f 617/247/1 619/249/1 620/250/1 
f 621/250/2 622/249/2 623/248/2 
f 621/250/2 623/248/2 624/247/2 
f 624/251/6 617/252/6 620/253/6 
f 624/251/6 620/253/6 621/254/6 
f 622/254/5 619/253/5 618/252/5 
f 622/254/5 618/252/5 623/251/5 
f 620/255/3 619/256/3 622/257/3 
f 620/255/3 622/257/3 621/258/3 
f 624/258/4 623/257/4 618/256/4 
f 624/258/4 618/256/4 617/255/4 
f 625/259/1 626/260/1 627/261/1 
f 625/259/1 627/261/1 628/262/1 
f 629/262/2 630/261/2 631/260/2 
f 629/262/2 631/260/2 632/259/2 
f 632/263/6 625/264/6 628/265/6 
f 632/263/6 628/265/6 629/266/6 
f 630/266/5 627/265/5 626/264/5 
f 630/266/5 626/264/5 631/263/5 
f 628/267/3 627/268/3 630/269/3 
f 628/267/3 630/269/3 629/270/3 
f 632/270/4 631/269/4 626/268/4 
f 632/270/4 626/268/4 625/267/4 
f 633/271/1 634/272/1 635/273/1 
f 633/271/1 635/273/1 636/274/1 
f 637/274/2 638/273/2 639/272/2 
f 637/274/2 639/272/2 640/271/2 
f 640/275/6 633/276/6 636/277/6 
f 640/275/6 636/277/6 637/278/6 
f 638/278/5 635/277/5 634/276/5 
f 638/278/5 634/276/5 639/275/5 
f 636/279/3 635/280/3 638/281/3 
f 636/279/3 638/281/3 637/282/3 
f 640/282/4 639/281/4 634/280/4 
f 640/282/4 634/280/4 633/279/4 
f 641/283/1 642/284/1 643/285/1 
f 641/283/1 643/285/1 644/286/1 
f 645/286/2 646/285/2 647/284/2 
f 645/286/2 647/284/2 648/283/2 
f 648/287/145 641/288/145 644/289/145 
f 648/287/145 644/289/145 645/290/145 
f 646/290/144 643/289/144 642/288/144 
f 646/290/144 642/288/144 647/287/144 
f 644/291/240 643/292/240 646/293/240 
f 644/291/240 646/293/240 645/294/240 
f 648/294/239 647/293/239 642/292/239 
f 648/294/239 642/292/239 641/291/239 
f 649/295/1 650/296/1 651/297/1 
f 649/295/1 651/297/1 652/298/1 
f 653/298/2 654/297/2 655/296/2 
f 653/298/2 655/296/2 656/295/2 
f 656/299/363 649/300/363 652/301/363 
f 656/299/363 652/301/363 653/302/363 
f 654/302/148 651/301/148 650/300/148 
f 654/302/148 650/300/148 655/299/148 
f 652/303/364 651/304/364 654/305/364 
f 652/303/364 654/305/364 653/306/364 
f 656/306/241 655/305/241 650/304/241 
f 656/306/241 650/304/241 649/303/241 
f 657/307/1 658/308/1 659/309/1 
f 657/307/1 659/309/1 660/310/1 
f 661/310/2 662/309/2 663/308/2 
f 661/310/2 663/308/2 664/307/2 
f 664/311/3 657/312/3 660/313/3 
f 664/311/3 660/313/3 661/314/3 
f 662/314/4 659/313/4 658/312/4 
f 662/314/4 658/312/4 663/311/4 
f 660/315/5 659/316/5 662/317/5 
f 660/315/5 662/317/5 661/318/5 
f 664/318/6 663/317/6 658/316/6 
f 664/318/6 658/316/6 657/315/6 
f 665/319/1 666/320/1 667/321/1 
f 665/319/1 667/321/1 668/322/1 
f 669/322/2 670/321/2 671/320/2 
f 669/322/2 671/320/2 672/319/2 
f 672/323/3 665/324/3 668/325/3 
f 672/323/3 668/325/3 669/326/3 
f 670/326/4 667/325/4 666/324/4 
f 670/326/4 666/324/4 671/323/4 
f 668/327/5 667/328/5 670/329/5 
f 668/327/5 670/329/5 669/330/5 
f 672/330/6 671/329/6 666/328/6 
f 672/330/6 666/328/6 665/327/6 
usemtl default_sidewalks
f 673/331/365 674/331/366 675/332/367 
f 675/332/367 676/332/367 673/331/365 
f 675/332/368 677/333/369 678/333/370 
f 678/333/370 676/332/368 675/332/368 
f 679/334/371 680/334/372 674/331/366 
f 674/331/366 673/331/365 679/334/371 
f 681/335/373 682/335/374 680/334/372 
f 680/334/372 679/334/371 681/335/373 
f 683/336/375 684/336/376 682/335/374 
f 682/335/374 681/335/373 683/336/375 
f 685/337/377 686/337/378 684/336/376 
f 684/336/376 683/336/375 685/337/377 
f 687/338/379 688/338/380 686/337/378 
f 686/337/378 685/337/377 687/338/379 
f 689/339/381 690/339/382 688/338/380 
f 688/338/380 687/338/379 689/339/381 
f 691/340/383 692/340/383 690/339/382 
f 690/339/382 689/339/381 691/340/383 
f 677/333/369 692/340/384 691/340/384 
f 691/340/384 678/333/370 677/333/369 
f 693/341/385 694/341/386 695/342/387 
f 695/342/387 696/342/387 693/341/385 
f 695/342/388 697/343/389 698/343/390 
f 698/343/390 696/342/388 695/342/388 
f 699/344/391 700/344/392 694/341/386 
f 694/341/386 693/341/385 699/344/391 
f 701/345/393 702/345/394 700/344/392 
f 700/344/392 699/344/391 701/345/393 
f 703/346/395 704/346/396 702/345/394 
f 702/345/394 701/345/393 703/346/395 
f 705/347/397 706/347/398 704/346/396 
f 704/346/396 703/346/395 705/347/397 
f 707/348/399 708/348/400 706/347/398 
f 706/347/398 705/347/397 707/348/399 
f 709/349/401 710/349/402 708/348/400 
f 708/348/400 707/348/399 709/349/401 
f 711/350/403 712/350/403 710/349/402 
f 710/349/402 709/349/401 711/350/403 
f 697/343/389 712/350/404 711/350/404 
f 711/350/404 698/343/390 697/343/389 
f 713/351/405 714/351/405 715/352/406 
f 715/352/406 716/352/406 713/351/405 
f 717/353/407 714/351/408 713/351/408 
f 713/351/408 718/353/409 717/353/407 
f 715/352/406 719/354/410 720/354/411 
f 720/354/411 716/352/406 715/352/406 
f 719/354/410 721/355/412 722/355/413 
f 722/355/413 720/354/411 719/354/410 
f 721/355/412 723/356/414 724/356/415 
f 724/356/415 722/355/413 721/355/412 
f 723/356/414 725/357/416 726/357/416 
f 726/357/416 724/356/415 723/356/414 
f 726/357/417 725/357/417 727/358/418 
f 727/358/418 728/358/419 726/357/417 
f 728/358/419 727/358/418 729/359/420 
f 729/359/420 730/359/420 728/358/419 
f 729/359/420 717/353/407 718/353/409 
f 718/353/409 730/359/420 729/359/420 
f 678/333/2 691/340/2 689/339/2 
f 689/339/2 687/338/2 678/333/2 
f 687/338/2 685/337/2 678/333/2 
f 685/337/2 683/336/2 678/333/2 
f 683/336/2 681/335/2 678/333/2 
f 681/335/2 679/334/2 678/333/2 
f 679/334/2 673/331/2 678/333/2 
f 673/331/2 676/332/2 678/333/2 
f 690/339/1 692/340/1 677/333/1 
f 677/333/1 688/338/1 690/339/1 
f 677/333/1 686/337/1 688/338/1 
f 677/333/1 684/336/1 686/337/1 
f 677/333/1 682/335/1 684/336/1 
f 677/333/1 680/334/1 682/335/1 
f 677/333/1 674/331/1 680/334/1 
f 677/333/1 675/332/1 674/331/1 
f 725/357/421 723/356/1 721/355/1 
f 721/355/1 719/354/421 725/357/421 
f 719/354/421 727/358/422 725/357/421 
f 719/354/421 715/352/1 727/358/422 
f 715/352/1 714/351/1 727/358/422 
f 714/351/1 717/353/1 727/358/422 
f 717/353/1 729/359/1 727/358/422 
f 710/349/1 712/350/1 697/343/1 
f 697/343/1 708/348/1 710/349/1 
f 697/343/1 706/347/1 708/348/1 
f 697/343/1 704/346/1 706/347/1 
f 697/343/1 702/345/1 704/346/1 
f 697/343/1 700/344/1 702/345/1 
f 697/343/1 694/341/1 700/344/1 
f 697/343/1 695/342/1 694/341/1 
f 698/343/2 711/350/2 709/349/2 
f 709/349/2 707/348/2 698/343/2 
f 707/348/2 705/347/2 698/343/2 
f 705/347/2 703/346/2 698/343/2 
f 703/346/2 701/345/2 698/343/2 
f 701/345/2 699/344/2 698/343/2 
f 699/344/2 693/341/2 698/343/2 
f 693/341/2 696/342/2 698/343/2 
f 728/358/423 713/351/2 716/352/2 
f 728/358/423 716/352/2 720/354/424 
f 722/355/2 724/356/2 726/357/424 
f 726/357/424 720/354/424 722/355/2 
f 726/357/424 728/358/423 720/354/424 
f 728/358/423 718/353/2 713/351/2 
f 728/358/423 730/359/2 718/353/2 
f 731/331/385 732/331/386 733/332/387 
f 733/332/387 734/332/387 731/331/385 
f 733/332/388 735/333/425 736/333/426 
f 736/333/426 734/332/388 733/332/388 
f 737/334/427 738/334/428 732/331/386 
f 732/331/386 731/331/385 737/334/427 
f 739/335/429 740/335/430 738/334/428 
f 738/334/428 737/334/427 739/335/429 
f 741/336/395 742/336/431 740/335/430 
f 740/335/430 739/335/429 741/336/395 
f 743/337/432 744/337/398 742/336/431 
f 742/336/431 741/336/395 743/337/432 
f 745/338/399 746/338/400 744/337/398 
f 744/337/398 743/337/432 745/338/399 
f 747/339/433 748/339/434 746/338/400 
f 746/338/400 745/338/399 747/339/433 
f 749/340/435 750/340/435 748/339/434 
f 748/339/434 747/339/433 749/340/435 
f 735/333/425 750/340/404 749/340/404 
f 749/340/404 736/333/426 735/333/425 
f 751/341/365 752/341/436 753/342/367 
f 753/342/367 754/342/367 751/341/365 
f 753/342/368 755/343/437 756/343/438 
f 756/343/438 754/342/368 753/342/368 
f 757/344/439 758/344/440 752/341/436 
f 752/341/436 751/341/365 757/344/439 
f 759/345/441 760/345/442 758/344/440 
f 758/344/440 757/344/439 759/345/441 
f 761/346/375 762/346/376 760/345/442 
f 760/345/442 759/345/441 761/346/375 
f 763/347/443 764/347/378 762/346/376 
f 762/346/376 761/346/375 763/347/443 
f 765/348/379 766/348/380 764/347/378 
f 764/347/378 763/347/443 765/348/379 
f 767/349/444 768/349/445 766/348/380 
f 766/348/380 765/348/379 767/349/444 
f 769/350/446 770/350/446 768/349/445 
f 768/349/445 767/349/444 769/350/446 
f 755/343/437 770/350/384 769/350/384 
f 769/350/384 756/343/438 755/343/437 
f 771/351/447 772/351/447 773/352/448 
f 773/352/448 774/352/448 771/351/447 
f 775/353/449 772/351/450 771/351/450 
f 771/351/450 776/353/451 775/353/449 
f 773/352/448 777/354/452 778/354/453 
f 778/354/453 774/352/448 773/352/448 
f 777/354/452 779/355/454 780/355/455 
f 780/355/455 778/354/453 777/354/452 
f 779/355/454 781/356/456 782/356/457 
f 782/356/457 780/355/455 779/355/454 
f 781/356/456 783/357/458 784/357/458 
f 784/357/458 782/356/457 781/356/456 
f 784/357/459 783/357/459 785/358/460 
f 785/358/460 786/358/461 784/357/459 
f 786/358/461 785/358/460 787/359/462 
f 787/359/462 788/359/462 786/358/461 
f 787/359/462 775/353/449 776/353/451 
f 776/353/451 788/359/462 787/359/462 
f 736/333/2 749/340/2 747/339/2 
f 747/339/2 745/338/2 736/333/2 
f 745/338/2 743/337/2 736/333/2 
f 743/337/2 741/336/2 736/333/2 
f 741/336/2 739/335/2 736/333/2 
f 739/335/2 737/334/2 736/333/2 
f 737/334/2 731/331/2 736/333/2 
f 731/331/2 734/332/2 736/333/2 
f 748/339/1 750/340/1 735/333/1 
f 735/333/1 746/338/1 748/339/1 
f 735/333/1 744/337/1 746/338/1 
f 735/333/1 742/336/1 744/337/1 
f 735/333/1 740/335/1 742/336/1 
f 735/333/1 738/334/1 740/335/1 
f 735/333/1 732/331/1 738/334/1 
f 735/333/1 733/332/1 732/331/1 
f 783/357/421 781/356/1 779/355/1 
f 779/355/1 777/354/421 783/357/421 
f 777/354/421 785/358/422 783/357/421 
f 777/354/421 773/352/1 785/358/422 
f 773/352/1 772/351/1 785/358/422 
f 772/351/1 775/353/1 785/358/422 
f 775/353/1 787/359/1 785/358/422 
f 768/349/1 770/350/1 755/343/1 
f 755/343/1 766/348/1 768/349/1 
f 755/343/1 764/347/1 766/348/1 
f 755/343/1 762/346/1 764/347/1 
f 755/343/1 760/345/1 762/346/1 
f 755/343/1 758/344/1 760/345/1 
f 755/343/1 752/341/1 758/344/1 
f 755/343/1 753/342/1 752/341/1 
f 756/343/2 769/350/2 767/349/2 
f 767/349/2 765/348/2 756/343/2 
f 765/348/2 763/347/2 756/343/2 
f 763/347/2 761/346/2 756/343/2 
f 761/346/2 759/345/2 756/343/2 
f 759/345/2 757/344/2 756/343/2 
f 757/344/2 751/341/2 756/343/2 
f 751/341/2 754/342/2 756/343/2 
f 786/358/423 771/351/2 774/352/2 
f 786/358/423 774/352/2 778/354/424 
f 780/355/2 782/356/2 784/357/424 
f 784/357/424 778/354/424 780/355/2 
f 784/357/424 786/358/423 778/354/424 
f 786/358/423 776/353/2 771/351/2 
f 786/358/423 788/359/2 776/353/2 
f 789/331/463 790/331/464 791/332/465 
f 791/332/465 792/332/465 789/331/463 
f 791/332/466 793/333/467 794/333/468 
f 794/333/468 792/332/466 791/332/466 
f 795/334/469 796/334/470 790/331/464 
f 790/331/464 789/331/463 795/334/469 
f 797/335/471 798/335/472 796/334/470 
f 796/334/470 795/334/469 797/335/471 
f 799/336/473 800/336/474 798/335/472 
f 798/335/472 797/335/471 799/336/473 
f 801/337/475 802/337/476 800/336/474 
f 800/336/474 799/336/473 801/337/475 
f 803/338/477 804/338/478 802/337/476 
f 802/337/476 801/337/475 803/338/477 
f 805/339/479 806/339/480 804/338/478 
f 804/338/478 803/338/477 805/339/479 
f 807/340/481 808/340/481 806/339/480 
f 806/339/480 805/339/479 807/340/481 
f 793/333/467 808/340/482 807/340/482 
f 807/340/482 794/333/468 793/333/467 
f 809/341/483 810/341/484 811/342/485 
f 811/342/485 812/342/485 809/341/483 
f 811/342/486 813/343/487 814/343/488 
f 814/343/488 812/342/486 811/342/486 
f 815/344/489 816/344/490 810/341/484 
f 810/341/484 809/341/483 815/344/489 
f 817/345/491 818/345/492 816/344/490 
f 816/344/490 815/344/489 817/345/491 
f 819/346/493 820/346/494 818/345/492 
f 818/345/492 817/345/491 819/346/493 
f 821/347/495 822/347/496 820/346/494 
f 820/346/494 819/346/493 821/347/495 
f 823/348/497 824/348/498 822/347/496 
f 822/347/496 821/347/495 823/348/497 
f 825/349/499 826/349/500 824/348/498 
f 824/348/498 823/348/497 825/349/499 
f 827/350/501 828/350/501 826/349/500 
f 826/349/500 825/349/499 827/350/501 
f 813/343/487 828/350/502 827/350/502 
f 827/350/502 814/343/488 813/343/487 
f 829/351/503 830/351/503 831/352/504 
f 831/352/504 832/352/504 829/351/503 
f 833/353/505 830/351/506 829/351/506 
f 829/351/506 834/353/507 833/353/505 
f 831/352/504 835/354/508 836/354/509 
f 836/354/509 832/352/504 831/352/504 
f 835/354/508 837/355/510 838/355/511 
f 838/355/511 836/354/509 835/354/508 
f 837/355/510 839/356/512 840/356/513 
f 840/356/513 838/355/511 837/355/510 
f 839/356/512 841/357/514 842/357/514 
f 842/357/514 840/356/513 839/356/512 
f 842/357/515 841/357/515 843/358/516 
f 843/358/516 844/358/517 842/357/515 
f 844/358/517 843/358/516 845/359/518 
f 845/359/518 846/359/518 844/358/517 
f 845/359/518 833/353/505 834/353/507 
f 834/353/507 846/359/518 845/359/518 
f 794/333/2 807/340/2 805/339/2 
f 805/339/2 803/338/2 794/333/2 
f 803/338/2 801/337/2 794/333/2 
f 801/337/2 799/336/2 794/333/2 
f 799/336/2 797/335/2 794/333/2 
f 797/335/2 795/334/2 794/333/2 
f 795/334/2 789/331/2 794/333/2 
f 789/331/2 792/332/2 794/333/2 
f 806/339/1 808/340/1 793/333/1 
f 793/333/1 804/338/1 806/339/1 
f 793/333/1 802/337/1 804/338/1 
f 793/333/1 800/336/1 802/337/1 
f 793/333/1 798/335/1 800/336/1 
f 793/333/1 796/334/1 798/335/1 
f 793/333/1 790/331/1 796/334/1 
f 793/333/1 791/332/1 790/331/1 
f 841/357/421 839/356/1 837/355/1 
f 837/355/1 835/354/421 841/357/421 
f 835/354/421 843/358/422 841/357/421 
f 835/354/421 831/352/1 843/358/422 
f 831/352/1 830/351/1 843/358/422 
f 830/351/1 833/353/1 843/358/422 
f 833/353/1 845/359/1 843/358/422 
f 826/349/1 828/350/1 813/343/1 
f 813/343/1 824/348/1 826/349/1 
f 813/343/1 822/347/1 824/348/1 
f 813/343/1 820/346/1 822/347/1 
f 813/343/1 818/345/1 820/346/1 
f 813/343/1 816/344/1 818/345/1 
f 813/343/1 810/341/1 816/344/1 
f 813/343/1 811/342/1 810/341/1 
f 814/343/2 827/350/2 825/349/2 
f 825/349/2 823/348/2 814/343/2 
f 823/348/2 821/347/2 814/343/2 
f 821/347/2 819/346/2 814/343/2 
f 819/346/2 817/345/2 814/343/2 
f 817/345/2 815/344/2 814/343/2 
f 815/344/2 809/341/2 814/343/2 
f 809/341/2 812/342/2 814/343/2 
f 844/358/423 829/351/2 832/352/2 
f 844/358/423 832/352/2 836/354/424 
f 838/355/2 840/356/2 842/357/424 
f 842/357/424 836/354/424 838/355/2 
f 842/357/424 844/358/423 836/354/424 
f 844/358/423 834/353/2 829/351/2 
f 844/358/423 846/359/2 834/353/2 
# 1356 faces

